14948	48	1	0
14955	55	1	0
14958	58	1	0
14961	61	1	0
14964	64	1	0
14979	79	1	0
14985	85	1	0
14994	94	1	0
15085	185	1	0
15138	238	1	0
15154	254	1	0
15162	262	1	0
15186	286	1	0
15226	326	1	0
15227	327	1	0
15228	328	1	0
15229	329	1	0
15234	334	1	0
15236	336	1	0
15237	337	1	0
15254	354	1	0
15255	355	1	0
15258	358	1	0
15259	359	1	0
15285	385	1	0
15302	402	1	0
15303	403	1	0
15307	407	1	0
15311	411	1	0
15320	420	1	0
15328	428	1	0
15336	436	1	0
15337	437	1	0
15338	438	1	0
15339	439	1	0
15340	440	1	0
15345	445	1	0
15346	446	1	0
15350	450	1	0
15351	451	1	0
15367	467	1	0
15368	468	1	0
15369	469	1	0
15370	470	1	0
15376	476	1	0
15378	478	1	0
15379	479	1	0
15380	480	1	0
15381	481	1	0
15382	482	1	0
15383	483	1	0
15384	484	1	0
15386	486	1	0
15387	487	1	0
15388	488	1	0
15389	489	1	0
15390	490	1	0
15391	491	1	0
15392	492	1	0
15462	562	1	0
15483	583	1	0
15484	584	1	0
15498	598	1	0
15499	599	1	0
15500	600	1	0
15501	601	1	0
15503	603	1	0
15505	605	1	0
15507	607	1	0
15509	609	1	0
15511	611	1	0
15513	613	1	0
15514	614	1	0
15515	615	1	0
15516	616	1	0
15517	617	1	0
15518	618	1	0
15519	619	1	0
15521	621	1	0
15522	622	1	0
15523	623	1	0
15524	624	1	0
15525	625	1	0
15526	626	1	0
15527	627	1	0
15528	628	1	0
15529	629	1	0
15531	631	1	0
15532	632	1	0
15533	633	1	0
15535	635	1	0
15537	637	1	0
15538	638	1	0
15539	639	1	0
15541	641	1	0
15543	643	1	0
15544	644	1	0
15545	645	1	0
15546	646	1	0
15547	647	1	0
15548	648	1	0
15549	649	1	0
15550	650	1	0
15551	651	1	0
15553	653	1	0
15554	654	1	0
15555	655	1	0
15557	657	1	0
15558	658	1	0
15559	659	1	0
15560	660	1	0
15561	661	1	0
15565	665	1	0
15567	667	1	0
15589	689	1	0
15590	690	1	0
15591	691	1	0
15592	692	1	0
15593	693	1	0
15594	694	1	0
15595	695	1	0
15596	696	1	0
15597	697	1	0
15598	698	1	0
15625	725	1	0
15626	726	1	0
15627	727	1	0
15628	728	1	0
15629	729	1	0
15630	730	1	0
15631	731	1	0
15632	732	1	0
15633	733	1	0
15638	738	1	0
15639	739	1	0
15640	740	1	0
15641	741	1	0
15642	742	1	0
15643	743	1	0
15644	744	1	0
15645	745	1	0
15646	746	1	0
15647	747	1	0
15648	748	1	0
15649	749	1	0
15650	750	1	0
15651	751	1	0
15652	752	1	0
15653	753	1	0
15655	755	1	0
15656	756	1	0
15657	757	1	0
15658	758	1	0
15660	760	1	0
15662	762	1	0
15664	764	1	0
15666	766	1	0
15668	768	1	0
15669	769	1	0
15671	771	1	0
15672	772	1	0
15674	774	1	0
15675	775	1	0
15676	776	1	0
15677	777	1	0
15678	778	1	0
15679	779	1	0
15680	780	1	0
15682	782	1	0
15683	783	1	0
15685	785	1	0
15686	786	1	0
15687	787	1	0
15691	791	1	0
15704	804	1	0
15707	807	1	0
15711	811	1	0
15712	812	1	0
15714	814	1	0
15717	817	1	0
15723	823	1	0
15724	824	1	0
15725	825	1	0
15726	826	1	0
15732	832	1	0
15735	835	1	0
15737	837	1	0
15741	841	1	0
15748	848	1	0
15756	856	1	0
15758	858	1	0
15760	860	1	0
15914	1014	1	0
16037	1137	1	0
16121	1221	1	0
16133	1233	1	0
16237	1337	1	0
16259	1359	1	0
16260	1360	1	0
16261	1361	1	0
16262	1362	1	0
16263	1363	1	0
16264	1364	1	0
16265	1365	1	0
16266	1366	1	0
16273	1373	1	0
16274	1374	1	0
16275	1375	1	0
16276	1376	1	0
16277	1377	1	0
16278	1378	1	0
16279	1379	1	0
16280	1380	1	0
16281	1381	1	0
16282	1382	1	0
16283	1383	1	0
16284	1384	1	0
16285	1385	1	0
16286	1386	1	0
16287	1387	1	0
16288	1388	1	0
16289	1389	1	0
16290	1390	1	0
16291	1391	1	0
16292	1392	1	0
16293	1393	1	0
16294	1394	1	0
16295	1395	1	0
16296	1396	1	0
16297	1397	1	0
16298	1398	1	0
16299	1399	1	0
16300	1400	1	0
16301	1401	1	0
16302	1402	1	0
16303	1403	1	0
16304	1404	1	0
16308	1408	1	0
16322	1422	1	0
16324	1424	1	0
16336	1436	1	0
16337	1437	1	0
16342	1442	1	0
16343	1443	1	0
16435	1535	1	0
16436	1536	1	0
16437	1537	1	0
16438	1538	1	0
16440	1540	1	0
16441	1541	1	0
16442	1542	1	0
16443	1543	1	0
16444	1544	1	0
16445	1545	1	0
16446	1546	1	0
16447	1547	1	0
16448	1548	1	0
16449	1549	1	0
16450	1550	1	0
16521	1621	1	0
16632	1732	1	0
16658	1758	1	0
16659	1759	1	0
16661	1761	1	0
16664	1764	1	0
16665	1765	1	0
16684	1784	1	0
16685	1785	1	0
16710	1810	1	0
16711	1811	1	0
16719	1819	1	0
16720	1820	1	0
16721	1821	1	0
16722	1822	1	0
16733	1833	1	0
16734	1834	1	0
16752	1852	1	0
16753	1853	1	0
16754	1854	1	0
16755	1855	1	0
16759	1859	1	0
16760	1860	1	0
16761	1861	1	0
16762	1862	1	0
16763	1863	1	0
16764	1864	1	0
16769	1869	1	0
16770	1870	1	0
16773	1873	1	0
16774	1874	1	0
16777	1877	1	0
16778	1878	1	0
16779	1879	1	0
16780	1880	1	0
16785	1885	1	0
16889	1989	1	0
16899	1999	1	0
16920	2020	1	0
16954	2054	1	0
16986	2086	1	0
17005	2105	1	0
17006	2106	1	0
17017	2117	1	0
17018	2118	1	0
17030	2130	1	0
17032	2132	1	0
17034	2134	1	0
17036	2136	1	0
17038	2138	1	0
17053	2153	1	0
17054	2154	1	0
17055	2155	1	0
17056	2156	1	0
17057	2157	1	0
17058	2158	1	0
17059	2159	1	0
17060	2160	1	0
17062	2162	1	0
17064	2164	1	0
17066	2166	1	0
17068	2168	1	0
17070	2170	1	0
17072	2172	1	0
17074	2174	1	0
17076	2176	1	0
17078	2178	1	0
17082	2182	1	0
17084	2184	1	0
17086	2186	1	0
17088	2188	1	0
17090	2190	1	0
17092	2192	1	0
17096	2196	1	0
17098	2198	1	0
17102	2202	1	0
17105	2205	1	0
17107	2207	1	0
17111	2211	1	0
17113	2213	1	0
17115	2215	1	0
17117	2217	1	0
17119	2219	1	0
17121	2221	1	0
17125	2225	1	0
17139	2239	1	0
17142	2242	1	0
17148	2248	1	0
17160	2260	1	0
17163	2263	1	0
17166	2266	1	0
17178	2278	1	0
17181	2281	1	0
17184	2284	1	0
17187	2287	1	0
17190	2290	1	0
17193	2293	1	0
17198	2298	1	0
17200	2300	1	0
17201	2301	1	0
17202	2302	1	0
17203	2303	1	0
17204	2304	1	0
17205	2305	1	0
17206	2306	1	0
17210	2310	1	0
17211	2311	1	0
17212	2312	1	0
17214	2314	1	0
17225	2325	1	0
17231	2331	1	0
17232	2332	1	0
17233	2333	1	0
17236	2336	1	0
17237	2337	1	0
17238	2338	1	0
17239	2339	1	0
17240	2340	1	0
17241	2341	1	0
17243	2343	1	0
17245	2345	1	0
17246	2346	1	0
17262	2362	1	0
17344	2444	1	0
17345	2445	1	0
17363	2463	1	0
17364	2464	1	0
17379	2479	1	0
17380	2480	1	0
17390	2490	1	0
17405	2505	1	0
17408	2508	1	0
17409	2509	1	0
17410	2510	1	0
17411	2511	1	0
17412	2512	1	0
17413	2513	1	0
17426	2526	1	0
17427	2527	1	0
17430	2530	1	0
17432	2532	1	0
17434	2534	1	0
17437	2537	1	0
17438	2538	1	0
17442	2542	1	0
17463	2563	1	0
17494	2594	1	0
17575	2675	1	0
17576	2676	1	0
17605	2705	1	0
17618	2718	1	0
17635	2735	1	0
17636	2736	1	0
17637	2737	1	0
17639	2739	1	0
17768	2868	1	0
17848	2948	1	0
17849	2949	1	0
17850	2950	1	0
17851	2951	1	0
17852	2952	1	0
17853	2953	1	0
17854	2954	1	0
17855	2955	1	0
17856	2956	1	0
17857	2957	1	0
17858	2958	1	0
17903	3003	1	0
17914	3014	1	0
17925	3025	1	0
17948	3048	1	0
17952	3052	1	0
17953	3053	1	0
17954	3054	1	0
17955	3055	1	0
17956	3056	1	0
17957	3057	1	0
17958	3058	1	0
17959	3059	1	0
17960	3060	1	0
17961	3061	1	0
17962	3062	1	0
17963	3063	1	0
17964	3064	1	0
17965	3065	1	0
17966	3066	1	0
17967	3067	1	0
17968	3068	1	0
17971	3071	1	0
17975	3075	1	0
17976	3076	1	0
17977	3077	1	0
17983	3083	1	0
17992	3092	1	0
17993	3093	1	0
17994	3094	1	0
17995	3095	1	0
17996	3096	1	0
18007	3107	1	0
18008	3108	1	0
18039	3139	1	0
18040	3140	1	0
18041	3141	1	0
18042	3142	1	0
18043	3143	1	0
18044	3144	1	0
18045	3145	1	0
18046	3146	1	0
18048	3148	1	0
18050	3150	1	0
18051	3151	1	0
18052	3152	1	0
18054	3154	1	0
18055	3155	1	0
18056	3156	1	0
18057	3157	1	0
18060	3160	1	0
18061	3161	1	0
18080	3180	1	0
18081	3181	1	0
18082	3182	1	0
18083	3183	1	0
18085	3185	1	0
18086	3186	1	0
18087	3187	1	0
18088	3188	1	0
18089	3189	1	0
18090	3190	1	0
18091	3191	1	0
18092	3192	1	0
18093	3193	1	0
18094	3194	1	0
18095	3195	1	0
18096	3196	1	0
18097	3197	1	0
18098	3198	1	0
18099	3199	1	0
18100	3200	1	0
18101	3201	1	0
18102	3202	1	0
18126	3226	1	0
18127	3227	1	0
18128	3228	1	0
18129	3229	1	0
18130	3230	1	0
18131	3231	1	0
18133	3233	1	0
18134	3234	1	0
18135	3235	1	0
18136	3236	1	0
18137	3237	1	0
18138	3238	1	0
18139	3239	1	0
18140	3240	1	0
18141	3241	1	0
18142	3242	1	0
18143	3243	1	0
18144	3244	1	0
18145	3245	1	0
18146	3246	1	0
18147	3247	1	0
18148	3248	1	0
18149	3249	1	0
18150	3250	1	0
18151	3251	1	0
18152	3252	1	0
18153	3253	1	0
18157	3257	1	0
18158	3258	1	0
18159	3259	1	0
18160	3260	1	0
18161	3261	1	0
18162	3262	1	0
18164	3264	1	0
18165	3265	1	0
18166	3266	1	0
18167	3267	1	0
18168	3268	1	0
18169	3269	1	0
18170	3270	1	0
18171	3271	1	0
18172	3272	1	0
18173	3273	1	0
18174	3274	1	0
18175	3275	1	0
18176	3276	1	0
18177	3277	1	0
18178	3278	1	0
18179	3279	1	0
18180	3280	1	0
18181	3281	1	0
18182	3282	1	0
18183	3283	1	0
18184	3284	1	0
18185	3285	1	0
18191	3291	1	0
18192	3292	1	0
18193	3293	1	0
18194	3294	1	0
18195	3295	1	0
18196	3296	1	0
18198	3298	1	0
18199	3299	1	0
18200	3300	1	0
18201	3301	1	0
18202	3302	1	0
18203	3303	1	0
18204	3304	1	0
18205	3305	1	0
18206	3306	1	0
18207	3307	1	0
18208	3308	1	0
18209	3309	1	0
18210	3310	1	0
18211	3311	1	0
18212	3312	1	0
18213	3313	1	0
18214	3314	1	0
18215	3315	1	0
18216	3316	1	0
18217	3317	1	0
18218	3318	1	0
18219	3319	1	0
18225	3325	1	0
18226	3326	1	0
18227	3327	1	0
18228	3328	1	0
18229	3329	1	0
18231	3331	1	0
18232	3332	1	0
18233	3333	1	0
18234	3334	1	0
18235	3335	1	0
18236	3336	1	0
18237	3337	1	0
18238	3338	1	0
18239	3339	1	0
18240	3340	1	0
18241	3341	1	0
18242	3342	1	0
18243	3343	1	0
18244	3344	1	0
18245	3345	1	0
18246	3346	1	0
18247	3347	1	0
18248	3348	1	0
18249	3349	1	0
18250	3350	1	0
18251	3351	1	0
18252	3352	1	0
18268	3368	1	0
18285	3385	1	0
18321	3421	1	0
18393	3493	1	0
18414	3514	1	0
18415	3515	1	0
18416	3516	1	0
18417	3517	1	0
18418	3518	1	0
18419	3519	1	0
18420	3520	1	0
18421	3521	1	0
18454	3554	1	0
18457	3557	1	0
18469	3569	1	0
18478	3578	1	0
18480	3580	1	0
18483	3583	1	0
18484	3584	1	0
18495	3595	1	0
18501	3601	1	0
18504	3604	1	0
18508	3608	1	0
18510	3610	1	0
18924	4024	1	0
19443	4543	1	0
19450	4550	1	0
19464	4564	1	0
19468	4568	1	0
19496	4596	1	0
19505	4605	1	0
19514	4614	1	0
19539	4639	1	0
19545	4645	1	0
19549	4649	1	0
19553	4653	1	0
19554	4654	1	0
19556	4656	1	0
19563	4663	1	0
19564	4664	1	0
19569	4669	1	0
19571	4671	1	0
19588	4688	1	0
19594	4694	1	0
19598	4698	1	0
19602	4702	1	0
19603	4703	1	0
19605	4705	1	0
19612	4712	1	0
19618	4718	1	0
19619	4719	1	0
19643	4743	1	0
19651	4751	1	0
19652	4752	1	0
19661	4761	1	0
29894	4784	1	0
29898	4788	1	0
60656	4793	1	0
60658	4795	1	0
60667	4804	1	0
60670	4807	1	0
60672	4809	1	0
60679	4816	1	0
60696	4833	1	0
60698	4835	1	0
60700	4837	1	0
60702	4839	1	0
60706	4843	1	0
60729	4866	1	0
60730	4867	1	0
60743	4880	1	0
60750	4887	1	0
60757	4894	1	0
60760	4897	1	0
60764	4901	1	0
60808	4945	1	0
60809	4946	1	0
60812	4949	1	0
60853	4990	1	0
60855	4992	1	0
60856	4993	1	0
60857	4994	1	0
60858	4995	1	0
60859	4996	1	0
60860	4997	1	0
60861	4998	1	0
60862	4999	1	0
60863	5000	1	0
60864	5001	1	0
60865	5002	1	0
60866	5003	1	0
60867	5004	1	0
60872	5009	1	0
60873	5010	1	0
60874	5011	1	0
60875	5012	1	0
60878	5015	1	0
60879	5016	1	0
60880	5017	1	0
60881	5018	1	0
60882	5019	1	0
60883	5020	1	0
60884	5021	1	0
60885	5022	1	0
60897	5034	1	0
60908	5045	1	0
60909	5046	1	0
60917	5054	1	0
60927	5064	1	0
60933	5070	1	0
60944	5081	1	0
60945	5082	1	0
60947	5084	1	0
60950	5087	1	0
60951	5088	1	0
60966	5103	1	0
60967	5104	1	0
60971	5108	1	0
60986	5123	1	0
60988	5125	1	0
60989	5126	1	0
60991	5128	1	0
60994	5131	1	0
60998	5135	1	0
61046	5183	1	0
61047	5184	1	0
61065	5202	1	0
61066	5203	1	0
61067	5204	1	0
61068	5205	1	0
62234	6371	1	0
62350	6487	1	0
62404	6541	1	0
62405	6542	1	0
62568	6705	1	0
62569	6706	1	0
62572	6709	1	0
62578	6715	1	0
62582	6719	1	0
62596	6733	1	0
62599	6736	1	0
62616	6753	1	0
62617	6754	1	0
62618	6755	1	0
62619	6756	1	0
62622	6759	1	0
62623	6760	1	0
62624	6761	1	0
62625	6762	1	0
62626	6763	1	0
62627	6764	1	0
62628	6765	1	0
62629	6766	1	0
62634	6771	1	0
62635	6772	1	0
62636	6773	1	0
62637	6774	1	0
62639	6776	1	0
62640	6777	1	0
62641	6778	1	0
62646	6783	1	0
62647	6784	1	0
62649	6786	1	0
62650	6787	1	0
62651	6788	1	0
62652	6789	1	0
62653	6790	1	0
62656	6793	1	0
62657	6794	1	0
62658	6795	1	0
62659	6796	1	0
62661	6798	1	0
62663	6800	1	0
62666	6803	1	0
62667	6804	1	0
62670	6807	1	0
62671	6808	1	0
62672	6809	1	0
62673	6810	1	0
62674	6811	1	0
62675	6812	1	0
62677	6814	1	0
62679	6816	1	0
62680	6817	1	0
62682	6819	1	0
62683	6820	1	0
62686	6823	1	0
62688	6825	1	0
62689	6826	1	0
62690	6827	1	0
62692	6829	1	0
62693	6830	1	0
62695	6832	1	0
62696	6833	1	0
62698	6835	1	0
62699	6836	1	0
62700	6837	1	0
62704	6841	1	0
62705	6842	1	0
62706	6843	1	0
62710	6847	1	0
62713	6850	1	0
62715	6852	1	0
62716	6853	1	0
62717	6854	1	0
62718	6855	1	0
62719	6856	1	0
62721	6858	1	0
62722	6859	1	0
62724	6861	1	0
62725	6862	1	0
62726	6863	1	0
62786	6923	1	0
62787	6924	1	0
62788	6925	1	0
62789	6926	1	0
62794	6931	1	0
62795	6932	1	0
62832	6969	1	0
62833	6970	1	0
62961	7098	1	0
62965	7102	1	0
62967	7104	1	0
62985	7122	1	0
62995	7132	1	0
63009	7146	1	0
63011	7148	1	0
63013	7150	1	0
63027	7164	1	0
63033	7170	1	0
63047	7184	1	0
63056	7193	1	0
63069	7206	1	0
63075	7212	1	0
63091	7228	1	0
63092	7229	1	0
63093	7230	1	0
63094	7231	1	0
63095	7232	1	0
63096	7233	1	0
63097	7234	1	0
63098	7235	1	0
63099	7236	1	0
63100	7237	1	0
63101	7238	1	0
63102	7239	1	0
63103	7240	1	0
63104	7241	1	0
63105	7242	1	0
63106	7243	1	0
63107	7244	1	0
63108	7245	1	0
63109	7246	1	0
63110	7247	1	0
63111	7248	1	0
63112	7249	1	0
63113	7250	1	0
63114	7251	1	0
63115	7252	1	0
63116	7253	1	0
63117	7254	1	0
63118	7255	1	0
63119	7256	1	0
63120	7257	1	0
63121	7258	1	0
63122	7259	1	0
63123	7260	1	0
63124	7261	1	0
63125	7262	1	0
63126	7263	1	0
63127	7264	1	0
63128	7265	1	0
63129	7266	1	0
63130	7267	1	0
63131	7268	1	0
63132	7269	1	0
63133	7270	1	0
63134	7271	1	0
63135	7272	1	0
63136	7273	1	0
63137	7274	1	0
63138	7275	1	0
63139	7276	1	0
63140	7277	1	0
63141	7278	1	0
63142	7279	1	0
63143	7280	1	0
63144	7281	1	0
63145	7282	1	0
63146	7283	1	0
63147	7284	1	0
63148	7285	1	0
63149	7286	1	0
63150	7287	1	0
63151	7288	1	0
63152	7289	1	0
63153	7290	1	0
63154	7291	1	0
63155	7292	1	0
63156	7293	1	0
63157	7294	1	0
63158	7295	1	0
63159	7296	1	0
63160	7297	1	0
63161	7298	1	0
63162	7299	1	0
63163	7300	1	0
63164	7301	1	0
63165	7302	1	0
63166	7303	1	0
63167	7304	1	0
63168	7305	1	0
63169	7306	1	0
63170	7307	1	0
63171	7308	1	0
63172	7309	1	0
63174	7311	1	0
63175	7312	1	0
63183	7320	1	0
63193	7330	1	0
63203	7340	1	0
63213	7350	1	0
63228	7365	1	0
63243	7380	1	0
63258	7395	1	0
63274	7411	1	0
63291	7428	1	0
63292	7429	1	0
63293	7430	1	0
63294	7431	1	0
63295	7432	1	0
63296	7433	1	0
63297	7434	1	0
63298	7435	1	0
63299	7436	1	0
63301	7438	1	0
63302	7439	1	0
63303	7440	1	0
63304	7441	1	0
63305	7442	1	0
63306	7443	1	0
63307	7444	1	0
63308	7445	1	0
63309	7446	1	0
63310	7447	1	0
63311	7448	1	0
63312	7449	1	0
63318	7455	1	0
63319	7456	1	0
63320	7457	1	0
63321	7458	1	0
63322	7459	1	0
63323	7460	1	0
63324	7461	1	0
63325	7462	1	0
63326	7463	1	0
63327	7464	1	0
63328	7465	1	0
63329	7466	1	0
63330	7467	1	0
63331	7468	1	0
63332	7469	1	0
63333	7470	1	0
63334	7471	1	0
63335	7472	1	0
63336	7473	1	0
63337	7474	1	0
63338	7475	1	0
63339	7476	1	0
63340	7477	1	0
63341	7478	1	0
63342	7479	1	0
63348	7485	1	0
63349	7486	1	0
63351	7488	1	0
63352	7489	1	0
63353	7490	1	0
63355	7492	1	0
63357	7494	1	0
63358	7495	1	0
63359	7496	1	0
63360	7497	1	0
63361	7498	1	0
63362	7499	1	0
63363	7500	1	0
63364	7501	1	0
63365	7502	1	0
63366	7503	1	0
63367	7504	1	0
63368	7505	1	0
63369	7506	1	0
63370	7507	1	0
63371	7508	1	0
63372	7509	1	0
63379	7516	1	0
63380	7517	1	0
63381	7518	1	0
63383	7520	1	0
63384	7521	1	0
63396	7533	1	0
63397	7534	1	0
63400	7537	1	0
63406	7543	1	0
63407	7544	1	0
63408	7545	1	0
63410	7547	1	0
63414	7551	1	0
63417	7554	1	0
63423	7560	1	0
63430	7567	1	0
63431	7568	1	0
63432	7569	1	0
63434	7571	1	0
63435	7572	1	0
63493	7630	1	0
63494	7631	1	0
63495	7632	1	0
63496	7633	1	0
63498	7635	1	0
63499	7636	1	0
63500	7637	1	0
63602	7739	1	0
63608	7745	1	0
63613	7750	1	0
63617	7754	1	0
63649	7786	1	0
63650	7787	1	0
63667	7804	1	0
63668	7805	1	0
63715	7852	1	0
63716	7853	1	0
63729	7866	1	0
63730	7867	1	0
63759	7896	1	0
63760	7897	1	0
63797	7934	1	0
63798	7935	1	0
63809	7946	1	0
63810	7947	1	0
63816	7953	1	0
63835	7972	1	0
63836	7973	1	0
63837	7974	1	0
63838	7975	1	0
63839	7976	1	0
63840	7977	1	0
63841	7978	1	0
63842	7979	1	0
63843	7980	1	0
63844	7981	1	0
63846	7983	1	0
63862	7999	1	0
63865	8002	1	0
63874	8011	1	0
63875	8012	1	0
63876	8013	1	0
63877	8014	1	0
63882	8019	1	0
63883	8020	1	0
63884	8021	1	0
63885	8022	1	0
63886	8023	1	0
63887	8024	1	0
63890	8027	1	0
63891	8028	1	0
63892	8029	1	0
63893	8030	1	0
63894	8031	1	0
63896	8033	1	0
63897	8034	1	0
63902	8039	1	0
63903	8040	1	0
63909	8046	1	0
63910	8047	1	0
63911	8048	1	0
63912	8049	1	0
63913	8050	1	0
63916	8053	1	0
63917	8054	1	0
63918	8055	1	0
63920	8057	1	0
63921	8058	1	0
63923	8060	1	0
63926	8063	1	0
63929	8066	1	0
63930	8067	1	0
63950	8087	1	0
63952	8089	1	0
63954	8091	1	0
63956	8093	1	0
63958	8095	1	0
63960	8097	1	0
63962	8099	1	0
63964	8101	1	0
63977	8114	1	0
63978	8115	1	0
63989	8126	1	0
63990	8127	1	0
63994	8131	1	0
63996	8133	1	0
64013	8150	1	0
64014	8151	1	0
64015	8152	1	0
64016	8153	1	0
64029	8166	1	0
64030	8167	1	0
64055	8192	1	0
64065	8202	1	0
64069	8206	1	0
64071	8208	1	0
64073	8210	1	0
64084	8221	1	0
64085	8222	1	0
64087	8224	1	0
64093	8230	1	0
64097	8234	1	0
64101	8238	1	0
64103	8240	1	0
64104	8241	1	0
64106	8243	1	0
64108	8245	1	0
64118	8255	1	0
64179	8316	1	0
64182	8319	1	0
64185	8322	1	0
64186	8323	1	0
64188	8325	1	0
64189	8326	1	0
64190	8327	1	0
64191	8328	1	0
64193	8330	1	0
64194	8331	1	0
64195	8332	1	0
64196	8333	1	0
64197	8334	1	0
64200	8337	1	0
64201	8338	1	0
64202	8339	1	0
64203	8340	1	0
64204	8341	1	0
64206	8343	1	0
64207	8344	1	0
64208	8345	1	0
64209	8346	1	0
64210	8347	1	0
64211	8348	1	0
64212	8349	1	0
64237	8374	1	0
64238	8375	1	0
64239	8376	1	0
64240	8377	1	0
64241	8378	1	0
64242	8379	1	0
64243	8380	1	0
64244	8381	1	0
64245	8382	1	0
64246	8383	1	0
64247	8384	1	0
64248	8385	1	0
64249	8386	1	0
64250	8387	1	0
64251	8388	1	0
64252	8389	1	0
64253	8390	1	0
64254	8391	1	0
64255	8392	1	0
64256	8393	1	0
64257	8394	1	0
64258	8395	1	0
64259	8396	1	0
64260	8397	1	0
64261	8398	1	0
64262	8399	1	0
64264	8401	1	0
64265	8402	1	0
64266	8403	1	0
64267	8404	1	0
64268	8405	1	0
64269	8406	1	0
64270	8407	1	0
64271	8408	1	0
64272	8409	1	0
64273	8410	1	0
64274	8411	1	0
64275	8412	1	0
64276	8413	1	0
64277	8414	1	0
64278	8415	1	0
64279	8416	1	0
64280	8417	1	0
64281	8418	1	0
64282	8419	1	0
64284	8421	1	0
64285	8422	1	0
64286	8423	1	0
64287	8424	1	0
64288	8425	1	0
64289	8426	1	0
64290	8427	1	0
64291	8428	1	0
64292	8429	1	0
64293	8430	1	0
64294	8431	1	0
64295	8432	1	0
64296	8433	1	0
64297	8434	1	0
64298	8435	1	0
64299	8436	1	0
64300	8437	1	0
64301	8438	1	0
64302	8439	1	0
64303	8440	1	0
64304	8441	1	0
64329	8466	1	0
64330	8467	1	0
64331	8468	1	0
64332	8469	1	0
64333	8470	1	0
64334	8471	1	0
64336	8473	1	0
64337	8474	1	0
64338	8475	1	0
64339	8476	1	0
64340	8477	1	0
64342	8479	1	0
64343	8480	1	0
64344	8481	1	0
64345	8482	1	0
64346	8483	1	0
64347	8484	1	0
64348	8485	1	0
64349	8486	1	0
64350	8487	1	0
64352	8489	1	0
64353	8490	1	0
64355	8492	1	0
64356	8493	1	0
64357	8494	1	0
64358	8495	1	0
64359	8496	1	0
64360	8497	1	0
64361	8498	1	0
64362	8499	1	0
64363	8500	1	0
64364	8501	1	0
64365	8502	1	0
64366	8503	1	0
64367	8504	1	0
64368	8505	1	0
64369	8506	1	0
64370	8507	1	0
64371	8508	1	0
64373	8510	1	0
64375	8512	1	0
64376	8513	1	0
64377	8514	1	0
64378	8515	1	0
64379	8516	1	0
64380	8517	1	0
64381	8518	1	0
64382	8519	1	0
64384	8521	1	0
64386	8523	1	0
64387	8524	1	0
64389	8526	1	0
64390	8527	1	0
64391	8528	1	0
64392	8529	1	0
64393	8530	1	0
64394	8531	1	0
64395	8532	1	0
64396	8533	1	0
64399	8536	1	0
64401	8538	1	0
64416	8553	1	0
64417	8554	1	0
64418	8555	1	0
64419	8556	1	0
64420	8557	1	0
64421	8558	1	0
64422	8559	1	0
64423	8560	1	0
64424	8561	1	0
64425	8562	1	0
64440	8577	1	0
64441	8578	1	0
64442	8579	1	0
64443	8580	1	0
64444	8581	1	0
64445	8582	1	0
64446	8583	1	0
64447	8584	1	0
64451	8588	1	0
64452	8589	1	0
64453	8590	1	0
64454	8591	1	0
64455	8592	1	0
64456	8593	1	0
64457	8594	1	0
64458	8595	1	0
64459	8596	1	0
64460	8597	1	0
64477	8614	1	0
64479	8616	1	0
64480	8617	1	0
64481	8618	1	0
64483	8620	1	0
64502	8639	1	0
64521	8658	1	0
64525	8662	1	0
64526	8663	1	0
64527	8664	1	0
64528	8665	1	0
64529	8666	1	0
64530	8667	1	0
64531	8668	1	0
64532	8669	1	0
64533	8670	1	0
64534	8671	1	0
64535	8672	1	0
64536	8673	1	0
64537	8674	1	0
64538	8675	1	0
64539	8676	1	0
64540	8677	1	0
64541	8678	1	0
64542	8679	1	0
64543	8680	1	0
64544	8681	1	0
64547	8684	1	0
64548	8685	1	0
64549	8686	1	0
64550	8687	1	0
64551	8688	1	0
64552	8689	1	0
64553	8690	1	0
64554	8691	1	0
64555	8692	1	0
64556	8693	1	0
64557	8694	1	0
64558	8695	1	0
64559	8696	1	0
64560	8697	1	0
64561	8698	1	0
64562	8699	1	0
64563	8700	1	0
64564	8701	1	0
64565	8702	1	0
64566	8703	1	0
64567	8704	1	0
64570	8707	1	0
64571	8708	1	0
64572	8709	1	0
64573	8710	1	0
64574	8711	1	0
64575	8712	1	0
64576	8713	1	0
64577	8714	1	0
64578	8715	1	0
64579	8716	1	0
64580	8717	1	0
64581	8718	1	0
64582	8719	1	0
64583	8720	1	0
64586	8723	1	0
64587	8724	1	0
64588	8725	1	0
64589	8726	1	0
64590	8727	1	0
64591	8728	1	0
64592	8729	1	0
64593	8730	1	0
64594	8731	1	0
64595	8732	1	0
64596	8733	1	0
64597	8734	1	0
64598	8735	1	0
64599	8736	1	0
64600	8737	1	0
64601	8738	1	0
64602	8739	1	0
64609	8746	1	0
64610	8747	1	0
64612	8749	1	0
64613	8750	1	0
64615	8752	1	0
64616	8753	1	0
64620	8757	1	0
64624	8761	1	0
64709	8846	1	0
65058	9195	1	0
65059	9196	1	0
65072	9209	1	0
65096	9233	1	0
65097	9234	1	0
65098	9235	1	0
65099	9236	1	0
65134	9271	1	0
65136	9273	1	0
65137	9274	1	0
65138	9275	1	0
65139	9276	1	0
65144	9281	1	0
65145	9282	1	0
65148	9285	1	0
65149	9286	1	0
65183	9320	1	0
65198	9335	1	0
65200	9337	1	0
65201	9338	1	0
65202	9339	1	0
65203	9340	1	0
65204	9341	1	0
65205	9342	1	0
65206	9343	1	0
65207	9344	1	0
65208	9345	1	0
65209	9346	1	0
65210	9347	1	0
65211	9348	1	0
65212	9349	1	0
65213	9350	1	0
65214	9351	1	0
65215	9352	1	0
65216	9353	1	0
65217	9354	1	0
65218	9355	1	0
65219	9356	1	0
65220	9357	1	0
65221	9358	1	0
66515	10652	1	0
66548	10685	1	0
66565	10702	1	0
66566	10703	1	0
66567	10704	1	0
66568	10705	1	0
66656	10793	1	0
66657	10794	1	0
66660	10797	1	0
66662	10799	1	0
66663	10800	1	0
66665	10802	1	0
66666	10803	1	0
66667	10804	1	0
66668	10805	1	0
66670	10807	1	0
66671	10808	1	0
66674	10811	1	0
66675	10812	1	0
66676	10813	1	0
66677	10814	1	0
66678	10815	1	0
66679	10816	1	0
66680	10817	1	0
66681	10818	1	0
66682	10819	1	0
66683	10820	1	0
66684	10821	1	0
66686	10823	1	0
66688	10825	1	0
66689	10826	1	0
66692	10829	1	0
66696	10833	1	0
66700	10837	1	0
66702	10839	1	0
66703	10840	1	0
66704	10841	1	0
66705	10842	1	0
66708	10845	1	0
66710	10847	1	0
66711	10848	1	0
66716	10853	1	0
66717	10854	1	0
66720	10857	1	0
66721	10858	1	0
66722	10859	1	0
66723	10860	1	0
66726	10863	1	0
66727	10864	1	0
66736	10873	1	0
66740	10877	1	0
66742	10879	1	0
66743	10880	1	0
66744	10881	1	0
66745	10882	1	0
66750	10887	1	0
66752	10889	1	0
66838	10975	1	0
66864	11001	1	0
66865	11002	1	0
66866	11003	1	0
66867	11004	1	0
66871	11008	1	0
66872	11009	1	0
66873	11010	1	0
66876	11013	1	0
66877	11014	1	0
66878	11015	1	0
66879	11016	1	0
66880	11017	1	0
66881	11018	1	0
66882	11019	1	0
66883	11020	1	0
66885	11022	1	0
66886	11023	1	0
66887	11024	1	0
66888	11025	1	0
66889	11026	1	0
66894	11031	1	0
66895	11032	1	0
66897	11034	1	0
66898	11035	1	0
66899	11036	1	0
66900	11037	1	0
66901	11038	1	0
66904	11041	1	0
66905	11042	1	0
66907	11044	1	0
66909	11046	1	0
66912	11049	1	0
66913	11050	1	0
66941	11078	1	0
66942	11079	1	0
66958	11095	1	0
66959	11096	1	0
66960	11097	1	0
66961	11098	1	0
66962	11099	1	0
66976	11113	1	0
66977	11114	1	0
66982	11119	1	0
66988	11125	1	0
67002	11139	1	0
67006	11143	1	0
67020	11157	1	0
67023	11160	1	0
67024	11161	1	0
67029	11166	1	0
67030	11167	1	0
67041	11178	1	0
67042	11179	1	0
67043	11180	1	0
67044	11181	1	0
67050	11187	1	0
67053	11190	1	0
67054	11191	1	0
67055	11192	1	0
67056	11193	1	0
67063	11200	1	0
67064	11201	1	0
67065	11202	1	0
67069	11206	1	0
67070	11207	1	0
67071	11208	1	0
67072	11209	1	0
67073	11210	1	0
67074	11211	1	0
67075	11212	1	0
67076	11213	1	0
67077	11214	1	0
67078	11215	1	0
67115	11252	1	0
67118	11255	1	0
67126	11263	1	0
67127	11264	1	0
67133	11270	1	0
67134	11271	1	0
67136	11273	1	0
67165	11302	1	0
67166	11303	1	0
67173	11310	1	0
67218	11355	1	0
67230	11367	1	0
67232	11369	1	0
67234	11371	1	0
67235	11372	1	0
67236	11373	1	0
67237	11374	1	0
67238	11375	1	0
67241	11378	1	0
67242	11379	1	0
67243	11380	1	0
67244	11381	1	0
67264	11401	1	0
67265	11402	1	0
67270	11407	1	0
67271	11408	1	0
67272	11409	1	0
67274	11411	1	0
67275	11412	1	0
67278	11415	1	0
67279	11416	1	0
67280	11417	1	0
67315	11452	1	0
67316	11453	1	0
67317	11454	1	0
67318	11455	1	0
67319	11456	1	0
67320	11457	1	0
67321	11458	1	0
67322	11459	1	0
67339	11476	1	0
67348	11485	1	0
67372	11509	1	0
67373	11510	1	0
67374	11511	1	0
67375	11512	1	0
67376	11513	1	0
67377	11514	1	0
67378	11515	1	0
67379	11516	1	0
67380	11517	1	0
67381	11518	1	0
67382	11519	1	0
67383	11520	1	0
67384	11521	1	0
67385	11522	1	0
67386	11523	1	0
67387	11524	1	0
67388	11525	1	0
67389	11526	1	0
67390	11527	1	0
67391	11528	1	0
67392	11529	1	0
67393	11530	1	0
67394	11531	1	0
67395	11532	1	0
67396	11533	1	0
67397	11534	1	0
67398	11535	1	0
67399	11536	1	0
67400	11537	1	0
67401	11538	1	0
67402	11539	1	0
67403	11540	1	0
67404	11541	1	0
67405	11542	1	0
67406	11543	1	0
67407	11544	1	0
67408	11545	1	0
67409	11546	1	0
67410	11547	1	0
67411	11548	1	0
67412	11549	1	0
67413	11550	1	0
67414	11551	1	0
67415	11552	1	0
67416	11553	1	0
67417	11554	1	0
67418	11555	1	0
67419	11556	1	0
67420	11557	1	0
67421	11558	1	0
67422	11559	1	0
67423	11560	1	0
67424	11561	1	0
67425	11562	1	0
67426	11563	1	0
67427	11564	1	0
67428	11565	1	0
67429	11566	1	0
67430	11567	1	0
67431	11568	1	0
67432	11569	1	0
67433	11570	1	0
67434	11571	1	0
67435	11572	1	0
67437	11574	1	0
67440	11577	1	0
67442	11579	1	0
67444	11581	1	0
67445	11582	1	0
67446	11583	1	0
67448	11585	1	0
67449	11586	1	0
67450	11587	1	0
67451	11588	1	0
67452	11589	1	0
67453	11590	1	0
67454	11591	1	0
67455	11592	1	0
67456	11593	1	0
67457	11594	1	0
67458	11595	1	0
67459	11596	1	0
67460	11597	1	0
67464	11601	1	0
67465	11602	1	0
67466	11603	1	0
67467	11604	1	0
67468	11605	1	0
67469	11606	1	0
67470	11607	1	0
67471	11608	1	0
67472	11609	1	0
67473	11610	1	0
67474	11611	1	0
67475	11612	1	0
67476	11613	1	0
67477	11614	1	0
67478	11615	1	0
67479	11616	1	0
67480	11617	1	0
67481	11618	1	0
67482	11619	1	0
67483	11620	1	0
67484	11621	1	0
67485	11622	1	0
67488	11625	1	0
67494	11631	1	0
67495	11632	1	0
67496	11633	1	0
67497	11634	1	0
67504	11641	1	0
67508	11645	1	0
67510	11647	1	0
67511	11648	1	0
67515	11652	1	0
67524	11661	1	0
67536	11673	1	0
67537	11674	1	0
67546	11683	1	0
67550	11687	1	0
67554	11691	1	0
67561	11698	1	0
67562	11699	1	0
67563	11700	1	0
67564	11701	1	0
67565	11702	1	0
67566	11703	1	0
67567	11704	1	0
67568	11705	1	0
67639	11776	1	0
67693	11830	1	0
67721	11858	1	0
67723	11860	1	0
67724	11861	1	0
67727	11864	1	0
67728	11865	1	0
67832	11969	1	0
67833	11970	1	0
67834	11971	1	0
67835	11972	1	0
67836	11973	1	0
67837	11974	1	0
67838	11975	1	0
67839	11976	1	0
67840	11977	1	0
67841	11978	1	0
67842	11979	1	0
67843	11980	1	0
67844	11981	1	0
67845	11982	1	0
67846	11983	1	0
67847	11984	1	0
67848	11985	1	0
67849	11986	1	0
67850	11987	1	0
67851	11988	1	0
67852	11989	1	0
67853	11990	1	0
67854	11991	1	0
67855	11992	1	0
67856	11993	1	0
67857	11994	1	0
67858	11995	1	0
67888	12025	1	0
67946	12083	1	0
67990	12127	1	0
67991	12128	1	0
68010	12147	1	0
68011	12148	1	0
68012	12149	1	0
68013	12150	1	0
68040	12177	1	0
68041	12178	1	0
68058	12195	1	0
68059	12196	1	0
68108	12245	1	0
68221	12358	1	0
68246	12383	1	0
68247	12384	1	0
68264	12401	1	0
68265	12402	1	0
68275	12412	1	0
68294	12431	1	0
68295	12432	1	0
68316	12453	1	0
68330	12467	1	0
68331	12468	1	0
68364	12501	1	0
68397	12534	1	0
68414	12551	1	0
68434	12571	1	0
68438	12575	1	0
68460	12597	1	0
68504	12641	1	0
68518	12655	1	0
68562	12699	1	0
68568	12705	1	0
68614	12751	1	0
68618	12755	1	0
68674	12811	1	0
68682	12819	1	0
68688	12825	1	0
68704	12841	1	0
68730	12867	1	0
68762	12899	1	0
68776	12913	1	0
68780	12917	1	0
68790	12927	1	0
68796	12933	1	0
68808	12945	1	0
68826	12963	1	0
68828	12965	1	0
68832	12969	1	0
68842	12979	1	0
68877	13014	1	0
68899	13036	1	0
68936	13073	1	0
68937	13074	1	0
68938	13075	1	0
68939	13076	1	0
68941	13078	1	0
68942	13079	1	0
68943	13080	1	0
68945	13082	1	0
68946	13083	1	0
68947	13084	1	0
68948	13085	1	0
68952	13089	1	0
68953	13090	1	0
68954	13091	1	0
68955	13092	1	0
68957	13094	1	0
68958	13095	1	0
68960	13097	1	0
68961	13098	1	0
68964	13101	1	0
68965	13102	1	0
68966	13103	1	0
68967	13104	1	0
68969	13106	1	0
68971	13108	1	0
68972	13109	1	0
68973	13110	1	0
68974	13111	1	0
68976	13113	1	0
68978	13115	1	0
68979	13116	1	0
68980	13117	1	0
68981	13118	1	0
68982	13119	1	0
68983	13120	1	0
68984	13121	1	0
69011	13148	1	0
69015	13152	1	0
69017	13154	1	0
69019	13156	1	0
69021	13158	1	0
69023	13160	1	0
69025	13162	1	0
69027	13164	1	0
69029	13166	1	0
69031	13168	1	0
69033	13170	1	0
69035	13172	1	0
69037	13174	1	0
69038	13175	1	0
69039	13176	1	0
69042	13179	1	0
69047	13184	1	0
69064	13201	1	0
69065	13202	1	0
69107	13244	1	0
69108	13245	1	0
69115	13252	1	0
69120	13257	1	0
69125	13262	1	0
69135	13272	1	0
69136	13273	1	0
69138	13275	1	0
69139	13276	1	0
69140	13277	1	0
69142	13279	1	0
69144	13281	1	0
69165	13302	1	0
69201	13338	1	0
69253	13390	1	0
69254	13391	1	0
69257	13394	1	0
69319	13456	1	0
69320	13457	1	0
69321	13458	1	0
69322	13459	1	0
69363	13500	1	0
69364	13501	1	0
69365	13502	1	0
69366	13503	1	0
69369	13506	1	0
69370	13507	1	0
69372	13509	1	0
69373	13510	1	0
69374	13511	1	0
69381	13518	1	0
69382	13519	1	0
69383	13520	1	0
69384	13521	1	0
69385	13522	1	0
69386	13523	1	0
69387	13524	1	0
69389	13526	1	0
69391	13528	1	0
69392	13529	1	0
69393	13530	1	0
69414	13551	1	0
69415	13552	1	0
69416	13553	1	0
69417	13554	1	0
69419	13556	1	0
69420	13557	1	0
69502	13639	1	0
69507	13644	1	0
69508	13645	1	0
69509	13646	1	0
69543	13680	1	0
69544	13681	1	0
69545	13682	1	0
69553	13690	1	0
69556	13693	1	0
69559	13696	1	0
69560	13697	1	0
69561	13698	1	0
69564	13701	1	0
69565	13702	1	0
69566	13703	1	0
69569	13706	1	0
69570	13707	1	0
69578	13715	1	0
69579	13716	1	0
69580	13717	1	0
69611	13748	1	0
69612	13749	1	0
69613	13750	1	0
69614	13751	1	0
69615	13752	1	0
69616	13753	1	0
69617	13754	1	0
69618	13755	1	0
69619	13756	1	0
69620	13757	1	0
69621	13758	1	0
69622	13759	1	0
69623	13760	1	0
69625	13762	1	0
69636	13773	1	0
69637	13774	1	0
69639	13776	1	0
69641	13778	1	0
69642	13779	1	0
69643	13780	1	0
69644	13781	1	0
69645	13782	1	0
69646	13783	1	0
69647	13784	1	0
69648	13785	1	0
69649	13786	1	0
69650	13787	1	0
69651	13788	1	0
69652	13789	1	0
69653	13790	1	0
69654	13791	1	0
69655	13792	1	0
69658	13795	1	0
69660	13797	1	0
69661	13798	1	0
69662	13799	1	0
69663	13800	1	0
69664	13801	1	0
69665	13802	1	0
69666	13803	1	0
69667	13804	1	0
69668	13805	1	0
69669	13806	1	0
69670	13807	1	0
69671	13808	1	0
69672	13809	1	0
69674	13811	1	0
69680	13817	1	0
69682	13819	1	0
69684	13821	1	0
69685	13822	1	0
69686	13823	1	0
69687	13824	1	0
69690	13827	1	0
69691	13828	1	0
69701	13838	1	0
69724	13861	1	0
69728	13865	1	0
69729	13866	1	0
69873	14010	1	0
69874	14011	1	0
70011	14148	1	0
70024	14161	1	0
70025	14162	1	0
70027	14164	1	0
70028	14165	1	0
70036	14173	1	0
70045	14182	1	0
70049	14186	1	0
70052	14189	1	0
70086	14223	1	0
70102	14239	1	0
70116	14253	1	0
70180	14317	1	0
70182	14319	1	0
70184	14321	1	0
70186	14323	1	0
70188	14325	1	0
70194	14331	1	0
70201	14338	1	0
70204	14341	1	0
70205	14342	1	0
70206	14343	1	0
70207	14344	1	0
70208	14345	1	0
70209	14346	1	0
70210	14347	1	0
70211	14348	1	0
70212	14349	1	0
70213	14350	1	0
70214	14351	1	0
70215	14352	1	0
70216	14353	1	0
70217	14354	1	0
70218	14355	1	0
70225	14362	1	0
70229	14366	1	0
70230	14367	1	0
70233	14370	1	0
70241	14378	1	0
70243	14380	1	0
70244	14381	1	0
70246	14383	1	0
70247	14384	1	0
70248	14385	1	0
70249	14386	1	0
70250	14387	1	0
70251	14388	1	0
70252	14389	1	0
70253	14390	1	0
70254	14391	1	0
70255	14392	1	0
70256	14393	1	0
70257	14394	1	0
70258	14395	1	0
70259	14396	1	0
70260	14397	1	0
70261	14398	1	0
70262	14399	1	0
70263	14400	1	0
70264	14401	1	0
70265	14402	1	0
70266	14403	1	0
70267	14404	1	0
70268	14405	1	0
70269	14406	1	0
70270	14407	1	0
70271	14408	1	0
70272	14409	1	0
70273	14410	1	0
70274	14411	1	0
70275	14412	1	0
70277	14414	1	0
70278	14415	1	0
70279	14416	1	0
70280	14417	1	0
70282	14419	1	0
70283	14420	1	0
70284	14421	1	0
70287	14424	1	0
70288	14425	1	0
70290	14427	1	0
70292	14429	1	0
70293	14430	1	0
70294	14431	1	0
70295	14432	1	0
70296	14433	1	0
70297	14434	1	0
70298	14435	1	0
70299	14436	1	0
70300	14437	1	0
70301	14438	1	0
70302	14439	1	0
70303	14440	1	0
70305	14442	1	0
70306	14443	1	0
70307	14444	1	0
70308	14445	1	0
70309	14446	1	0
70310	14447	1	0
70311	14448	1	0
70312	14449	1	0
70313	14450	1	0
70314	14451	1	0
70315	14452	1	0
70334	14471	1	0
70335	14472	1	0
70343	14480	1	0
70344	14481	1	0
70345	14482	1	0
70346	14483	1	0
70347	14484	1	0
70348	14485	1	0
70349	14486	1	0
70350	14487	1	0
70351	14488	1	0
70352	14489	1	0
70353	14490	1	0
70354	14491	1	0
70355	14492	1	0
99112	14539	1	0
99122	14549	1	0
99154	14581	1	0
99174	14601	1	0
99176	14603	1	0
99195	14622	1	0
99196	14623	1	0
99197	14624	1	0
99269	14696	1	0
99271	14698	1	0
99329	14756	1	0
99393	14820	1	0
99397	14824	1	0
99465	14892	1	0
99653	15080	1	0
100068	15495	1	0
100208	15635	1	0
100209	15636	1	0
100211	15638	1	0
100213	15640	1	0
100214	15641	1	0
100215	15642	1	0
100216	15643	1	0
100218	15645	1	0
100219	15646	1	0
100221	15648	1	0
100223	15650	1	0
100224	15651	1	0
100225	15652	1	0
100226	15653	1	0
100227	15654	1	0
100228	15655	1	0
100230	15657	1	0
100231	15658	1	0
100232	15659	1	0
100233	15660	1	0
100234	15661	1	0
100235	15662	1	0
100236	15663	1	0
100237	15664	1	0
100238	15665	1	0
100241	15668	1	0
100243	15670	1	0
100244	15671	1	0
100245	15672	1	0
100246	15673	1	0
100248	15675	1	0
100251	15678	1	0
100253	15680	1	0
100254	15681	1	0
100256	15683	1	0
100258	15685	1	0
100260	15687	1	0
100262	15689	1	0
100264	15691	1	0
100266	15693	1	0
100326	15753	1	0
100436	15863	1	0
100437	15864	1	0
100439	15866	1	0
100445	15872	1	0
100451	15878	1	0
100579	16006	1	0
100582	16009	1	0
100583	16010	1	0
100584	16011	1	0
100585	16012	1	0
100598	16025	1	0
100599	16026	1	0
100608	16035	1	0
100609	16036	1	0
100610	16037	1	0
100611	16038	1	0
100616	16043	1	0
100617	16044	1	0
100618	16045	1	0
100619	16046	1	0
100621	16048	1	0
100623	16050	1	0
100624	16051	1	0
100625	16052	1	0
100626	16053	1	0
100627	16054	1	0
100631	16058	1	0
100632	16059	1	0
100633	16060	1	0
100634	16061	1	0
100635	16062	1	0
100636	16063	1	0
100637	16064	1	0
100642	16069	1	0
100643	16070	1	0
100644	16071	1	0
100645	16072	1	0
100650	16077	1	0
100651	16078	1	0
100652	16079	1	0
100653	16080	1	0
100654	16081	1	0
100655	16082	1	0
100656	16083	1	0
100657	16084	1	0
100658	16085	1	0
100659	16086	1	0
100660	16087	1	0
100661	16088	1	0
100663	16090	1	0
100664	16091	1	0
100665	16092	1	0
100666	16093	1	0
100667	16094	1	0
100670	16097	1	0
100671	16098	1	0
100686	16113	1	0
100687	16114	1	0
100688	16115	1	0
100689	16116	1	0
100694	16121	1	0
100695	16122	1	0
100696	16123	1	0
100697	16124	1	0
100698	16125	1	0
100699	16126	1	0
100702	16129	1	0
100703	16130	1	0
100704	16131	1	0
100705	16132	1	0
100708	16135	1	0
100709	16136	1	0
100710	16137	1	0
100711	16138	1	0
100714	16141	1	0
100715	16142	1	0
100716	16143	1	0
100717	16144	1	0
100718	16145	1	0
100719	16146	1	0
100720	16147	1	0
100721	16148	1	0
100722	16149	1	0
100723	16150	1	0
100726	16153	1	0
100727	16154	1	0
100728	16155	1	0
100729	16156	1	0
100730	16157	1	0
100731	16158	1	0
100732	16159	1	0
100733	16160	1	0
100734	16161	1	0
100735	16162	1	0
100736	16163	1	0
100737	16164	1	0
100738	16165	1	0
100739	16166	1	0
100740	16167	1	0
100741	16168	1	0
100742	16169	1	0
100743	16170	1	0
100744	16171	1	0
100745	16172	1	0
100746	16173	1	0
100747	16174	1	0
100748	16175	1	0
100749	16176	1	0
100750	16177	1	0
100751	16178	1	0
100752	16179	1	0
100753	16180	1	0
100754	16181	1	0
100755	16182	1	0
100756	16183	1	0
100757	16184	1	0
100758	16185	1	0
100759	16186	1	0
100762	16189	1	0
100763	16190	1	0
100782	16209	1	0
100783	16210	1	0
100790	16217	1	0
100792	16219	1	0
100800	16227	1	0
100801	16228	1	0
100802	16229	1	0
100803	16230	1	0
100823	16250	1	0
100827	16254	1	0
100829	16256	1	0
100835	16262	1	0
100841	16268	1	0
100843	16270	1	0
100847	16274	1	0
100853	16280	1	0
100863	16290	1	0
100871	16298	1	0
100873	16300	1	0
100881	16308	1	0
100883	16310	1	0
100893	16320	1	0
100895	16322	1	0
100901	16328	1	0
100903	16330	1	0
100909	16336	1	0
100910	16337	1	0
100911	16338	1	0
100915	16342	1	0
100919	16346	1	0
100927	16354	1	0
101007	16434	1	0
101017	16444	1	0
101161	16588	1	0
101301	16728	1	0
101302	16729	1	0
101306	16733	1	0
101307	16734	1	0
101309	16736	1	0
101310	16737	1	0
101314	16741	1	0
101315	16742	1	0
101316	16743	1	0
101317	16744	1	0
101318	16745	1	0
101319	16746	1	0
101320	16747	1	0
101321	16748	1	0
101322	16749	1	0
101323	16750	1	0
101324	16751	1	0
101325	16752	1	0
101326	16753	1	0
101327	16754	1	0
101328	16755	1	0
101329	16756	1	0
101330	16757	1	0
101331	16758	1	0
101332	16759	1	0
101333	16760	1	0
101334	16761	1	0
101335	16762	1	0
101336	16763	1	0
101337	16764	1	0
101338	16765	1	0
101339	16766	1	0
101340	16767	1	0
101341	16768	1	0
101342	16769	1	0
101343	16770	1	0
101344	16771	1	0
101345	16772	1	0
101348	16775	1	0
101349	16776	1	0
101350	16777	1	0
101351	16778	1	0
101352	16779	1	0
101353	16780	1	0
101354	16781	1	0
101355	16782	1	0
101356	16783	1	0
101357	16784	1	0
101358	16785	1	0
101359	16786	1	0
101371	16798	1	0
101376	16803	1	0
101378	16805	1	0
101379	16806	1	0
101381	16808	1	0
101385	16812	1	0
101391	16818	1	0
101413	16840	1	0
101414	16841	1	0
101415	16842	1	0
101417	16844	1	0
101418	16845	1	0
101419	16846	1	0
101420	16847	1	0
101421	16848	1	0
101425	16852	1	0
101426	16853	1	0
101427	16854	1	0
101429	16856	1	0
101430	16857	1	0
101431	16858	1	0
101432	16859	1	0
101436	16863	1	0
101437	16864	1	0
101438	16865	1	0
101440	16867	1	0
101441	16868	1	0
101442	16869	1	0
101443	16870	1	0
101444	16871	1	0
101448	16875	1	0
101449	16876	1	0
101450	16877	1	0
101452	16879	1	0
101453	16880	1	0
101454	16881	1	0
101455	16882	1	0
101460	16887	1	0
101461	16888	1	0
101462	16889	1	0
101463	16890	1	0
101464	16891	1	0
101465	16892	1	0
101466	16893	1	0
101467	16894	1	0
101468	16895	1	0
101469	16896	1	0
101470	16897	1	0
101471	16898	1	0
101472	16899	1	0
101488	16915	1	0
101489	16916	1	0
101490	16917	1	0
101584	17011	1	0
101585	17012	1	0
101587	17014	1	0
101588	17015	1	0
101589	17016	1	0
101590	17017	1	0
