15291	391	0	0
15375	475	0	0
15377	477	0	0
15502	602	0	0
15504	604	0	0
15506	606	0	0
15508	608	0	0
15510	610	0	0
15512	612	0	0
15520	620	0	0
15530	630	0	0
15534	634	0	0
15536	636	0	0
15540	640	0	0
15542	642	0	0
15552	652	0	0
15556	656	0	0
15694	794	0	0
15695	795	0	0
15696	796	0	0
15697	797	0	0
15699	799	0	0
15700	800	0	0
15701	801	0	0
15702	802	0	0
15703	803	0	0
16258	1358	0	0
16320	1420	0	0
16367	1467	0	0
16368	1468	0	0
16369	1469	0	0
16370	1470	0	0
16371	1471	0	0
16372	1472	0	0
16375	1475	0	0
16377	1477	0	0
16378	1478	0	0
16379	1479	0	0
16380	1480	0	0
16381	1481	0	0
16382	1482	0	0
16385	1485	0	0
16387	1487	0	0
16389	1489	0	0
16392	1492	0	0
16397	1497	0	0
16398	1498	0	0
16399	1499	0	0
16400	1500	0	0
16401	1501	0	0
16402	1502	0	0
16405	1505	0	0
16457	1557	0	0
17404	2504	0	0
18074	3174	0	0
18075	3175	0	0
18076	3176	0	0
18077	3177	0	0
18078	3178	0	0
18079	3179	0	0
18106	3206	0	0
18121	3221	0	0
18122	3222	0	0
18123	3223	0	0
18124	3224	0	0
18125	3225	0	0
18154	3254	0	0
18155	3255	0	0
18156	3256	0	0
18186	3286	0	0
18187	3287	0	0
18188	3288	0	0
18189	3289	0	0
18190	3290	0	0
18220	3320	0	0
18221	3321	0	0
18222	3322	0	0
18223	3323	0	0
18224	3324	0	0
18270	3370	0	0
18306	3406	0	0
18342	3442	0	0
18372	3472	0	0
18378	3478	0	0
18516	3616	0	0
18517	3617	0	0
19467	4567	0	0
19469	4569	0	0
19470	4570	0	0
29893	4783	0	0
62662	6799	0	0
62708	6845	0	0
63074	7211	0	0
63224	7361	0	0
63239	7376	0	0
63254	7391	0	0
63270	7407	0	0
63313	7450	0	0
63314	7451	0	0
63315	7452	0	0
63316	7453	0	0
63317	7454	0	0
63343	7480	0	0
63344	7481	0	0
63345	7482	0	0
63346	7483	0	0
63347	7484	0	0
63393	7530	0	0
63394	7531	0	0
63631	7768	0	0
63815	7952	0	0
63845	7982	0	0
64062	8199	0	0
64064	8201	0	0
64066	8203	0	0
64068	8205	0	0
64070	8207	0	0
64072	8209	0	0
64074	8211	0	0
64076	8213	0	0
64078	8215	0	0
64080	8217	0	0
64082	8219	0	0
64086	8223	0	0
64088	8225	0	0
64090	8227	0	0
64094	8231	0	0
64098	8235	0	0
64100	8237	0	0
64102	8239	0	0
64105	8242	0	0
64107	8244	0	0
64119	8256	0	0
64120	8257	0	0
64121	8258	0	0
64122	8259	0	0
64123	8260	0	0
64124	8261	0	0
64125	8262	0	0
64126	8263	0	0
64127	8264	0	0
64128	8265	0	0
64129	8266	0	0
64130	8267	0	0
64131	8268	0	0
64132	8269	0	0
64133	8270	0	0
64134	8271	0	0
64135	8272	0	0
64136	8273	0	0
64137	8274	0	0
64138	8275	0	0
64139	8276	0	0
64140	8277	0	0
64141	8278	0	0
64142	8279	0	0
64143	8280	0	0
64144	8281	0	0
64145	8282	0	0
64146	8283	0	0
64147	8284	0	0
64148	8285	0	0
64149	8286	0	0
64150	8287	0	0
64151	8288	0	0
64152	8289	0	0
64153	8290	0	0
64154	8291	0	0
64155	8292	0	0
64156	8293	0	0
64157	8294	0	0
64158	8295	0	0
64159	8296	0	0
64160	8297	0	0
64161	8298	0	0
64162	8299	0	0
64163	8300	0	0
64164	8301	0	0
64165	8302	0	0
64166	8303	0	0
64167	8304	0	0
64168	8305	0	0
64169	8306	0	0
64170	8307	0	0
64171	8308	0	0
64172	8309	0	0
64173	8310	0	0
64174	8311	0	0
64175	8312	0	0
64176	8313	0	0
64198	8335	0	0
64199	8336	0	0
64205	8342	0	0
64213	8350	0	0
64214	8351	0	0
64215	8352	0	0
64216	8353	0	0
64217	8354	0	0
64218	8355	0	0
64219	8356	0	0
64220	8357	0	0
64221	8358	0	0
64222	8359	0	0
64223	8360	0	0
64224	8361	0	0
64225	8362	0	0
64226	8363	0	0
64227	8364	0	0
64228	8365	0	0
64229	8366	0	0
64230	8367	0	0
64231	8368	0	0
64232	8369	0	0
64233	8370	0	0
64234	8371	0	0
64235	8372	0	0
64236	8373	0	0
64305	8442	0	0
64306	8443	0	0
64307	8444	0	0
64308	8445	0	0
64309	8446	0	0
64310	8447	0	0
64311	8448	0	0
64312	8449	0	0
64313	8450	0	0
64314	8451	0	0
64315	8452	0	0
64316	8453	0	0
64317	8454	0	0
64318	8455	0	0
64319	8456	0	0
64320	8457	0	0
64321	8458	0	0
64322	8459	0	0
64323	8460	0	0
64324	8461	0	0
64325	8462	0	0
64326	8463	0	0
64327	8464	0	0
64398	8535	0	0
64402	8539	0	0
64403	8540	0	0
64404	8541	0	0
64405	8542	0	0
64406	8543	0	0
64407	8544	0	0
64408	8545	0	0
64409	8546	0	0
64410	8547	0	0
64411	8548	0	0
64412	8549	0	0
64413	8550	0	0
64414	8551	0	0
64415	8552	0	0
64427	8564	0	0
64428	8565	0	0
64429	8566	0	0
64430	8567	0	0
64431	8568	0	0
64432	8569	0	0
64433	8570	0	0
64434	8571	0	0
64435	8572	0	0
64436	8573	0	0
64437	8574	0	0
64438	8575	0	0
64439	8576	0	0
64448	8585	0	0
64449	8586	0	0
64450	8587	0	0
64461	8598	0	0
64462	8599	0	0
64466	8603	0	0
64469	8606	0	0
64470	8607	0	0
64471	8608	0	0
64472	8609	0	0
64473	8610	0	0
64475	8612	0	0
64476	8613	0	0
64523	8660	0	0
64524	8661	0	0
64545	8682	0	0
64546	8683	0	0
64568	8705	0	0
64569	8706	0	0
64584	8721	0	0
64585	8722	0	0
64603	8740	0	0
64604	8741	0	0
64605	8742	0	0
64606	8743	0	0
64607	8744	0	0
64608	8745	0	0
64611	8748	0	0
64614	8751	0	0
64617	8754	0	0
64618	8755	0	0
64619	8756	0	0
64621	8758	0	0
64622	8759	0	0
64623	8760	0	0
64656	8793	0	0
64658	8795	0	0
64662	8799	0	0
64666	8803	0	0
64673	8810	0	0
64679	8816	0	0
64681	8818	0	0
64683	8820	0	0
64685	8822	0	0
64686	8823	0	0
64687	8824	0	0
64692	8829	0	0
64694	8831	0	0
64695	8832	0	0
64697	8834	0	0
64698	8835	0	0
64699	8836	0	0
64700	8837	0	0
64701	8838	0	0
64702	8839	0	0
64705	8842	0	0
64720	8857	0	0
64728	8865	0	0
64735	8872	0	0
64741	8878	0	0
64743	8880	0	0
64747	8884	0	0
64748	8885	0	0
64754	8891	0	0
64756	8893	0	0
64757	8894	0	0
64760	8897	0	0
64761	8898	0	0
64762	8899	0	0
64763	8900	0	0
64764	8901	0	0
64767	8904	0	0
64778	8915	0	0
64786	8923	0	0
64793	8930	0	0
64799	8936	0	0
64801	8938	0	0
64805	8942	0	0
64806	8943	0	0
64807	8944	0	0
64812	8949	0	0
64814	8951	0	0
64815	8952	0	0
64818	8955	0	0
64819	8956	0	0
64820	8957	0	0
64821	8958	0	0
64822	8959	0	0
64825	8962	0	0
64954	9091	0	0
64962	9099	0	0
65174	9311	0	0
65178	9315	0	0
67283	11420	0	0
67284	11421	0	0
67285	11422	0	0
67286	11423	0	0
67287	11424	0	0
67288	11425	0	0
67289	11426	0	0
67290	11427	0	0
67291	11428	0	0
67292	11429	0	0
67314	11451	0	0
67360	11497	0	0
67361	11498	0	0
67363	11500	0	0
67622	11759	0	0
67631	11768	0	0
67633	11770	0	0
67635	11772	0	0
67637	11774	0	0
67717	11854	0	0
67718	11855	0	0
67923	12060	0	0
67924	12061	0	0
67925	12062	0	0
67926	12063	0	0
67934	12071	0	0
68234	12371	0	0
68363	12500	0	0
68876	13013	0	0
68898	13035	0	0
68940	13077	0	0
69137	13274	0	0
69141	13278	0	0
69143	13280	0	0
69406	13543	0	0
69408	13545	0	0
69410	13547	0	0
69412	13549	0	0
69513	13650	0	0
69514	13651	0	0
69518	13655	0	0
69520	13657	0	0
69521	13658	0	0
69523	13660	0	0
69525	13662	0	0
69527	13664	0	0
69528	13665	0	0
69532	13669	0	0
69534	13671	0	0
69535	13672	0	0
69539	13676	0	0
69542	13679	0	0
69554	13691	0	0
69555	13692	0	0
69557	13694	0	0
69558	13695	0	0
69562	13699	0	0
69563	13700	0	0
69567	13704	0	0
69568	13705	0	0
69894	14031	0	0
69897	14034	0	0
69903	14040	0	0
69916	14053	0	0
69922	14059	0	0
69925	14062	0	0
69932	14069	0	0
69950	14087	0	0
69951	14088	0	0
69960	14097	0	0
70245	14382	0	0
70276	14413	0	0
70285	14422	0	0
70291	14428	0	0
70304	14441	0	0
70327	14464	0	0
70328	14465	0	0
70329	14466	0	0
70330	14467	0	0
70331	14468	0	0
70332	14469	0	0
70333	14470	0	0
70336	14473	0	0
70337	14474	0	0
70338	14475	0	0
70339	14476	0	0
70340	14477	0	0
70341	14478	0	0
70342	14479	0	0
70370	14507	0	0
70371	14508	0	0
70372	14509	0	0
70373	14510	0	0
70374	14511	0	0
70375	14512	0	0
70376	14513	0	0
70377	14514	0	0
70378	14515	0	0
70379	14516	0	0
70380	14517	0	0
70381	14518	0	0
70382	14519	0	0
70383	14520	0	0
99111	14538	0	0
99121	14548	0	0
99173	14600	0	0
99175	14602	0	0
100210	15637	0	0
100212	15639	0	0
101006	16433	0	0
101010	16437	0	0
101014	16441	0	0
101018	16445	0	0
101022	16449	0	0
101038	16465	0	0
101100	16527	0	0
101112	16539	0	0
101142	16569	0	0
101158	16585	0	0
101160	16587	0	0
101178	16605	0	0
101184	16611	0	0
101192	16619	0	0
101196	16623	0	0
101214	16641	0	0
101224	16651	0	0
101228	16655	0	0
101312	16739	0	0
101380	16807	0	0
101386	16813	0	0
101388	16815	0	0
101390	16817	0	0
101398	16825	0	0
101400	16827	0	0
101402	16829	0	0
101406	16833	0	0
101408	16835	0	0
101410	16837	0	0
101411	16838	0	0
101412	16839	0	0
101422	16849	0	0
101423	16850	0	0
101424	16851	0	0
101433	16860	0	0
101434	16861	0	0
101435	16862	0	0
101445	16872	0	0
101446	16873	0	0
101447	16874	0	0
101456	16883	0	0
101457	16884	0	0
101458	16885	0	0
101459	16886	0	0
101480	16907	0	0
101482	16909	0	0
101485	16912	0	0
101486	16913	0	0
101487	16914	0	0
101499	16926	0	0
101500	16927	0	0
101516	16943	0	0
101517	16944	0	0
101578	17005	0	0
101591	17018	0	0
101592	17019	0	0
101593	17020	0	0
101594	17021	0	0
101599	17026	0	0
101600	17027	0	0
101601	17028	0	0
