15086	186	0	1
15108	208	0	1
15144	244	0	1
15146	246	0	1
15160	260	0	1
15164	264	0	1
15220	320	0	1
15266	366	0	1
15288	388	0	1
15393	493	0	1
15395	495	0	1
15397	497	0	1
15399	499	0	1
15401	501	0	1
15403	503	0	1
15405	505	0	1
15409	509	0	1
15413	513	0	1
15415	515	0	1
15417	517	0	1
15423	523	0	1
15425	525	0	1
15427	527	0	1
15429	529	0	1
15431	531	0	1
15433	533	0	1
15437	537	0	1
15439	539	0	1
15441	541	0	1
15443	543	0	1
15445	545	0	1
15447	547	0	1
15451	551	0	1
15453	553	0	1
15455	555	0	1
15457	557	0	1
15461	561	0	1
15463	563	0	1
15467	567	0	1
15490	590	0	1
15492	592	0	1
15496	596	0	1
15616	716	0	1
15619	719	0	1
15621	721	0	1
15622	722	0	1
15634	734	0	1
15635	735	0	1
15636	736	0	1
15698	798	0	1
15831	931	0	1
15832	932	0	1
15833	933	0	1
15834	934	0	1
15835	935	0	1
15836	936	0	1
15837	937	0	1
15838	938	0	1
15839	939	0	1
15840	940	0	1
15841	941	0	1
15842	942	0	1
15843	943	0	1
15844	944	0	1
15845	945	0	1
15846	946	0	1
15847	947	0	1
15848	948	0	1
15849	949	0	1
15850	950	0	1
15851	951	0	1
15852	952	0	1
15853	953	0	1
15854	954	0	1
15855	955	0	1
15856	956	0	1
15857	957	0	1
15858	958	0	1
15859	959	0	1
15860	960	0	1
15861	961	0	1
15862	962	0	1
15863	963	0	1
15864	964	0	1
15865	965	0	1
15866	966	0	1
15867	967	0	1
15868	968	0	1
15869	969	0	1
15870	970	0	1
15871	971	0	1
15872	972	0	1
15873	973	0	1
15874	974	0	1
15875	975	0	1
15876	976	0	1
15877	977	0	1
15878	978	0	1
15879	979	0	1
15880	980	0	1
15881	981	0	1
15882	982	0	1
15883	983	0	1
15884	984	0	1
15885	985	0	1
15886	986	0	1
15887	987	0	1
15888	988	0	1
15889	989	0	1
15890	990	0	1
15891	991	0	1
15892	992	0	1
15893	993	0	1
15894	994	0	1
15895	995	0	1
15896	996	0	1
15897	997	0	1
15898	998	0	1
15899	999	0	1
15900	1000	0	1
15937	1037	0	1
15938	1038	0	1
15939	1039	0	1
15940	1040	0	1
15941	1041	0	1
15942	1042	0	1
15943	1043	0	1
15944	1044	0	1
15945	1045	0	1
15946	1046	0	1
15947	1047	0	1
15948	1048	0	1
15949	1049	0	1
15950	1050	0	1
15951	1051	0	1
15952	1052	0	1
15953	1053	0	1
15954	1054	0	1
15955	1055	0	1
15956	1056	0	1
15957	1057	0	1
15958	1058	0	1
15959	1059	0	1
15960	1060	0	1
15961	1061	0	1
15962	1062	0	1
15963	1063	0	1
15964	1064	0	1
15965	1065	0	1
15966	1066	0	1
15967	1067	0	1
15968	1068	0	1
15969	1069	0	1
15970	1070	0	1
15971	1071	0	1
15972	1072	0	1
15973	1073	0	1
15974	1074	0	1
15975	1075	0	1
15976	1076	0	1
15977	1077	0	1
15978	1078	0	1
15979	1079	0	1
15980	1080	0	1
15981	1081	0	1
15982	1082	0	1
15983	1083	0	1
15984	1084	0	1
15985	1085	0	1
15986	1086	0	1
15987	1087	0	1
15988	1088	0	1
15989	1089	0	1
15990	1090	0	1
15991	1091	0	1
15992	1092	0	1
15993	1093	0	1
15994	1094	0	1
15995	1095	0	1
15996	1096	0	1
15997	1097	0	1
15998	1098	0	1
15999	1099	0	1
16000	1100	0	1
16001	1101	0	1
16002	1102	0	1
16003	1103	0	1
16004	1104	0	1
16005	1105	0	1
16006	1106	0	1
16007	1107	0	1
16008	1108	0	1
16009	1109	0	1
16010	1110	0	1
16011	1111	0	1
16012	1112	0	1
16013	1113	0	1
16014	1114	0	1
16015	1115	0	1
16016	1116	0	1
16017	1117	0	1
16018	1118	0	1
16019	1119	0	1
16020	1120	0	1
16021	1121	0	1
16022	1122	0	1
16023	1123	0	1
16024	1124	0	1
16025	1125	0	1
16026	1126	0	1
16051	1151	0	1
16052	1152	0	1
16053	1153	0	1
16054	1154	0	1
16055	1155	0	1
16056	1156	0	1
16057	1157	0	1
16058	1158	0	1
16059	1159	0	1
16060	1160	0	1
16061	1161	0	1
16062	1162	0	1
16063	1163	0	1
16064	1164	0	1
16065	1165	0	1
16066	1166	0	1
16067	1167	0	1
16068	1168	0	1
16069	1169	0	1
16070	1170	0	1
16071	1171	0	1
16072	1172	0	1
16073	1173	0	1
16074	1174	0	1
16075	1175	0	1
16076	1176	0	1
16077	1177	0	1
16078	1178	0	1
16079	1179	0	1
16080	1180	0	1
16081	1181	0	1
16082	1182	0	1
16083	1183	0	1
16084	1184	0	1
16085	1185	0	1
16086	1186	0	1
16087	1187	0	1
16088	1188	0	1
16089	1189	0	1
16090	1190	0	1
16091	1191	0	1
16092	1192	0	1
16093	1193	0	1
16094	1194	0	1
16095	1195	0	1
16096	1196	0	1
16097	1197	0	1
16098	1198	0	1
16099	1199	0	1
16100	1200	0	1
16101	1201	0	1
16102	1202	0	1
16103	1203	0	1
16104	1204	0	1
16105	1205	0	1
16106	1206	0	1
16107	1207	0	1
16108	1208	0	1
16109	1209	0	1
16110	1210	0	1
16111	1211	0	1
16112	1212	0	1
16113	1213	0	1
16114	1214	0	1
16115	1215	0	1
16152	1252	0	1
16153	1253	0	1
16154	1254	0	1
16155	1255	0	1
16156	1256	0	1
16157	1257	0	1
16158	1258	0	1
16159	1259	0	1
16160	1260	0	1
16161	1261	0	1
16162	1262	0	1
16163	1263	0	1
16164	1264	0	1
16165	1265	0	1
16166	1266	0	1
16167	1267	0	1
16168	1268	0	1
16169	1269	0	1
16170	1270	0	1
16171	1271	0	1
16172	1272	0	1
16173	1273	0	1
16174	1274	0	1
16175	1275	0	1
16176	1276	0	1
16177	1277	0	1
16178	1278	0	1
16179	1279	0	1
16180	1280	0	1
16181	1281	0	1
16182	1282	0	1
16183	1283	0	1
16184	1284	0	1
16185	1285	0	1
16186	1286	0	1
16187	1287	0	1
16188	1288	0	1
16189	1289	0	1
16190	1290	0	1
16191	1291	0	1
16192	1292	0	1
16193	1293	0	1
16194	1294	0	1
16195	1295	0	1
16196	1296	0	1
16197	1297	0	1
16198	1298	0	1
16199	1299	0	1
16200	1300	0	1
16201	1301	0	1
16202	1302	0	1
16203	1303	0	1
16204	1304	0	1
16205	1305	0	1
16206	1306	0	1
16207	1307	0	1
16208	1308	0	1
16209	1309	0	1
16210	1310	0	1
16211	1311	0	1
16212	1312	0	1
16213	1313	0	1
16214	1314	0	1
16215	1315	0	1
16216	1316	0	1
16217	1317	0	1
16218	1318	0	1
16219	1319	0	1
16267	1367	0	1
16270	1370	0	1
16311	1411	0	1
16312	1412	0	1
16313	1413	0	1
16314	1414	0	1
16317	1417	0	1
16318	1418	0	1
16319	1419	0	1
16327	1427	0	1
16328	1428	0	1
16329	1429	0	1
16330	1430	0	1
16331	1431	0	1
16332	1432	0	1
16333	1433	0	1
16334	1434	0	1
16335	1435	0	1
16344	1444	0	1
16373	1473	0	1
16374	1474	0	1
16376	1476	0	1
16383	1483	0	1
16384	1484	0	1
16386	1486	0	1
16388	1488	0	1
16390	1490	0	1
16391	1491	0	1
16393	1493	0	1
16394	1494	0	1
16395	1495	0	1
16396	1496	0	1
16403	1503	0	1
16404	1504	0	1
16406	1506	0	1
16407	1507	0	1
16409	1509	0	1
16410	1510	0	1
16411	1511	0	1
16412	1512	0	1
16413	1513	0	1
16414	1514	0	1
16415	1515	0	1
16417	1517	0	1
16419	1519	0	1
16420	1520	0	1
16421	1521	0	1
16424	1524	0	1
16426	1526	0	1
16429	1529	0	1
16432	1532	0	1
16452	1552	0	1
16453	1553	0	1
16454	1554	0	1
16455	1555	0	1
16456	1556	0	1
16458	1558	0	1
16459	1559	0	1
16460	1560	0	1
16461	1561	0	1
16462	1562	0	1
16463	1563	0	1
16464	1564	0	1
16465	1565	0	1
16466	1566	0	1
16467	1567	0	1
16468	1568	0	1
16469	1569	0	1
16470	1570	0	1
16471	1571	0	1
16472	1572	0	1
16473	1573	0	1
16474	1574	0	1
16475	1575	0	1
16476	1576	0	1
16477	1577	0	1
16478	1578	0	1
16479	1579	0	1
16480	1580	0	1
16481	1581	0	1
16482	1582	0	1
16483	1583	0	1
16484	1584	0	1
16485	1585	0	1
16489	1589	0	1
16490	1590	0	1
16491	1591	0	1
16492	1592	0	1
16493	1593	0	1
16497	1597	0	1
16498	1598	0	1
16499	1599	0	1
16500	1600	0	1
16501	1601	0	1
16505	1605	0	1
16506	1606	0	1
16507	1607	0	1
16508	1608	0	1
16509	1609	0	1
16784	1884	0	1
16850	1950	0	1
17406	2506	0	1
17440	2540	0	1
17441	2541	0	1
17453	2553	0	1
17640	2740	0	1
17969	3069	0	1
17978	3078	0	1
18009	3109	0	1
18103	3203	0	1
18104	3204	0	1
18105	3205	0	1
18107	3207	0	1
18108	3208	0	1
18343	3443	0	1
18344	3444	0	1
18345	3445	0	1
18346	3446	0	1
18347	3447	0	1
18348	3448	0	1
18349	3449	0	1
18350	3450	0	1
18351	3451	0	1
18352	3452	0	1
18353	3453	0	1
18354	3454	0	1
18355	3455	0	1
18356	3456	0	1
18357	3457	0	1
18358	3458	0	1
18359	3459	0	1
18360	3460	0	1
18361	3461	0	1
18362	3462	0	1
18363	3463	0	1
18364	3464	0	1
18365	3465	0	1
18366	3466	0	1
18367	3467	0	1
18368	3468	0	1
18369	3469	0	1
18370	3470	0	1
18371	3471	0	1
18437	3537	0	1
18441	3541	0	1
18445	3545	0	1
18449	3549	0	1
18514	3614	0	1
18515	3615	0	1
18524	3624	0	1
18525	3625	0	1
18526	3626	0	1
18527	3627	0	1
18528	3628	0	1
18529	3629	0	1
18530	3630	0	1
18531	3631	0	1
18532	3632	0	1
18533	3633	0	1
18534	3634	0	1
18535	3635	0	1
18536	3636	0	1
18537	3637	0	1
18538	3638	0	1
18539	3639	0	1
18540	3640	0	1
18541	3641	0	1
18542	3642	0	1
18543	3643	0	1
18544	3644	0	1
18545	3645	0	1
18546	3646	0	1
18547	3647	0	1
18548	3648	0	1
18549	3649	0	1
18550	3650	0	1
18551	3651	0	1
18552	3652	0	1
18553	3653	0	1
18554	3654	0	1
18555	3655	0	1
18556	3656	0	1
18557	3657	0	1
18558	3658	0	1
18559	3659	0	1
18560	3660	0	1
18561	3661	0	1
18562	3662	0	1
18563	3663	0	1
18564	3664	0	1
18565	3665	0	1
18566	3666	0	1
18567	3667	0	1
18568	3668	0	1
18569	3669	0	1
18570	3670	0	1
18571	3671	0	1
18572	3672	0	1
18573	3673	0	1
18574	3674	0	1
18575	3675	0	1
18576	3676	0	1
18577	3677	0	1
18578	3678	0	1
18579	3679	0	1
18580	3680	0	1
18581	3681	0	1
18582	3682	0	1
18583	3683	0	1
18584	3684	0	1
18585	3685	0	1
18586	3686	0	1
18587	3687	0	1
18588	3688	0	1
18589	3689	0	1
18590	3690	0	1
18591	3691	0	1
18592	3692	0	1
18593	3693	0	1
18594	3694	0	1
18595	3695	0	1
18596	3696	0	1
18597	3697	0	1
18598	3698	0	1
18599	3699	0	1
18600	3700	0	1
18601	3701	0	1
18602	3702	0	1
18603	3703	0	1
18604	3704	0	1
18605	3705	0	1
18606	3706	0	1
18607	3707	0	1
18608	3708	0	1
18609	3709	0	1
18610	3710	0	1
18611	3711	0	1
18612	3712	0	1
18613	3713	0	1
18614	3714	0	1
18615	3715	0	1
18616	3716	0	1
18617	3717	0	1
18618	3718	0	1
18619	3719	0	1
18620	3720	0	1
18621	3721	0	1
18622	3722	0	1
18623	3723	0	1
18624	3724	0	1
18625	3725	0	1
18626	3726	0	1
18627	3727	0	1
18628	3728	0	1
18629	3729	0	1
18630	3730	0	1
18631	3731	0	1
18632	3732	0	1
18633	3733	0	1
18634	3734	0	1
18635	3735	0	1
18636	3736	0	1
18637	3737	0	1
18638	3738	0	1
18639	3739	0	1
18640	3740	0	1
18641	3741	0	1
18642	3742	0	1
18643	3743	0	1
18644	3744	0	1
18645	3745	0	1
18646	3746	0	1
18647	3747	0	1
18648	3748	0	1
18649	3749	0	1
18650	3750	0	1
18651	3751	0	1
18652	3752	0	1
18653	3753	0	1
18654	3754	0	1
18655	3755	0	1
18656	3756	0	1
18657	3757	0	1
18658	3758	0	1
18659	3759	0	1
18660	3760	0	1
18661	3761	0	1
18662	3762	0	1
18663	3763	0	1
18664	3764	0	1
18665	3765	0	1
18666	3766	0	1
18667	3767	0	1
18668	3768	0	1
18669	3769	0	1
18670	3770	0	1
18671	3771	0	1
18672	3772	0	1
18673	3773	0	1
18674	3774	0	1
18675	3775	0	1
18676	3776	0	1
18677	3777	0	1
18678	3778	0	1
18679	3779	0	1
18680	3780	0	1
18681	3781	0	1
18682	3782	0	1
18683	3783	0	1
18684	3784	0	1
18685	3785	0	1
18686	3786	0	1
18687	3787	0	1
18688	3788	0	1
18689	3789	0	1
18690	3790	0	1
18691	3791	0	1
18692	3792	0	1
18693	3793	0	1
18694	3794	0	1
18695	3795	0	1
18696	3796	0	1
18726	3826	0	1
18727	3827	0	1
18728	3828	0	1
18729	3829	0	1
18730	3830	0	1
18731	3831	0	1
18732	3832	0	1
18733	3833	0	1
18734	3834	0	1
18735	3835	0	1
18736	3836	0	1
18737	3837	0	1
18738	3838	0	1
18739	3839	0	1
18740	3840	0	1
18741	3841	0	1
18742	3842	0	1
18743	3843	0	1
18744	3844	0	1
18745	3845	0	1
18746	3846	0	1
18747	3847	0	1
18748	3848	0	1
18749	3849	0	1
18750	3850	0	1
18751	3851	0	1
18752	3852	0	1
18753	3853	0	1
18754	3854	0	1
18755	3855	0	1
18756	3856	0	1
18757	3857	0	1
18758	3858	0	1
18759	3859	0	1
18760	3860	0	1
18761	3861	0	1
18762	3862	0	1
18763	3863	0	1
18764	3864	0	1
18765	3865	0	1
18766	3866	0	1
18767	3867	0	1
18768	3868	0	1
18769	3869	0	1
18770	3870	0	1
18771	3871	0	1
18772	3872	0	1
18773	3873	0	1
18774	3874	0	1
18775	3875	0	1
18776	3876	0	1
18777	3877	0	1
18778	3878	0	1
18779	3879	0	1
18780	3880	0	1
18781	3881	0	1
18782	3882	0	1
18783	3883	0	1
18784	3884	0	1
18785	3885	0	1
18786	3886	0	1
18787	3887	0	1
18788	3888	0	1
18789	3889	0	1
18790	3890	0	1
18791	3891	0	1
18792	3892	0	1
18793	3893	0	1
18794	3894	0	1
18795	3895	0	1
18796	3896	0	1
18797	3897	0	1
18798	3898	0	1
18799	3899	0	1
18800	3900	0	1
18801	3901	0	1
18802	3902	0	1
18803	3903	0	1
18804	3904	0	1
18805	3905	0	1
18806	3906	0	1
18807	3907	0	1
18808	3908	0	1
18809	3909	0	1
18810	3910	0	1
18811	3911	0	1
18812	3912	0	1
18813	3913	0	1
18814	3914	0	1
18815	3915	0	1
18816	3916	0	1
18817	3917	0	1
18818	3918	0	1
18819	3919	0	1
18820	3920	0	1
18821	3921	0	1
18822	3922	0	1
18823	3923	0	1
18824	3924	0	1
18825	3925	0	1
18826	3926	0	1
18827	3927	0	1
18828	3928	0	1
18829	3929	0	1
18830	3930	0	1
18831	3931	0	1
18832	3932	0	1
18833	3933	0	1
18834	3934	0	1
18835	3935	0	1
18836	3936	0	1
18837	3937	0	1
18838	3938	0	1
18839	3939	0	1
18840	3940	0	1
18841	3941	0	1
18842	3942	0	1
18843	3943	0	1
18844	3944	0	1
18845	3945	0	1
18846	3946	0	1
18847	3947	0	1
18848	3948	0	1
18849	3949	0	1
18850	3950	0	1
18851	3951	0	1
18852	3952	0	1
18853	3953	0	1
18854	3954	0	1
18855	3955	0	1
18856	3956	0	1
18857	3957	0	1
18858	3958	0	1
18859	3959	0	1
18860	3960	0	1
18861	3961	0	1
18862	3962	0	1
18863	3963	0	1
18864	3964	0	1
18865	3965	0	1
18866	3966	0	1
18867	3967	0	1
18868	3968	0	1
18869	3969	0	1
18870	3970	0	1
18871	3971	0	1
18872	3972	0	1
18873	3973	0	1
18874	3974	0	1
18875	3975	0	1
18876	3976	0	1
18877	3977	0	1
18878	3978	0	1
18879	3979	0	1
18880	3980	0	1
18881	3981	0	1
18882	3982	0	1
18883	3983	0	1
18884	3984	0	1
18885	3985	0	1
18886	3986	0	1
18887	3987	0	1
18888	3988	0	1
18889	3989	0	1
18890	3990	0	1
18891	3991	0	1
18892	3992	0	1
18893	3993	0	1
18894	3994	0	1
18895	3995	0	1
18896	3996	0	1
18897	3997	0	1
18898	3998	0	1
18928	4028	0	1
18929	4029	0	1
18930	4030	0	1
18931	4031	0	1
18932	4032	0	1
18933	4033	0	1
18934	4034	0	1
18935	4035	0	1
18936	4036	0	1
18937	4037	0	1
18938	4038	0	1
18939	4039	0	1
18940	4040	0	1
18941	4041	0	1
18942	4042	0	1
18943	4043	0	1
18944	4044	0	1
18945	4045	0	1
18946	4046	0	1
18947	4047	0	1
18948	4048	0	1
18949	4049	0	1
18950	4050	0	1
18951	4051	0	1
18952	4052	0	1
18953	4053	0	1
18954	4054	0	1
18955	4055	0	1
18956	4056	0	1
18957	4057	0	1
18958	4058	0	1
18959	4059	0	1
18960	4060	0	1
18961	4061	0	1
18962	4062	0	1
18963	4063	0	1
18964	4064	0	1
18965	4065	0	1
18966	4066	0	1
18967	4067	0	1
18968	4068	0	1
18969	4069	0	1
18970	4070	0	1
18971	4071	0	1
18972	4072	0	1
18973	4073	0	1
18974	4074	0	1
18975	4075	0	1
18976	4076	0	1
18977	4077	0	1
18978	4078	0	1
18979	4079	0	1
18980	4080	0	1
18981	4081	0	1
18982	4082	0	1
18983	4083	0	1
18984	4084	0	1
18985	4085	0	1
18986	4086	0	1
18987	4087	0	1
18988	4088	0	1
18989	4089	0	1
18990	4090	0	1
18991	4091	0	1
18992	4092	0	1
18993	4093	0	1
18994	4094	0	1
18995	4095	0	1
18996	4096	0	1
18997	4097	0	1
18998	4098	0	1
18999	4099	0	1
19000	4100	0	1
19001	4101	0	1
19002	4102	0	1
19003	4103	0	1
19004	4104	0	1
19005	4105	0	1
19006	4106	0	1
19007	4107	0	1
19008	4108	0	1
19009	4109	0	1
19010	4110	0	1
19011	4111	0	1
19012	4112	0	1
19013	4113	0	1
19014	4114	0	1
19015	4115	0	1
19016	4116	0	1
19017	4117	0	1
19018	4118	0	1
19019	4119	0	1
19020	4120	0	1
19021	4121	0	1
19022	4122	0	1
19023	4123	0	1
19024	4124	0	1
19025	4125	0	1
19026	4126	0	1
19027	4127	0	1
19028	4128	0	1
19029	4129	0	1
19030	4130	0	1
19031	4131	0	1
19032	4132	0	1
19033	4133	0	1
19034	4134	0	1
19035	4135	0	1
19036	4136	0	1
19037	4137	0	1
19038	4138	0	1
19039	4139	0	1
19040	4140	0	1
19041	4141	0	1
19042	4142	0	1
19043	4143	0	1
19044	4144	0	1
19045	4145	0	1
19046	4146	0	1
19047	4147	0	1
19048	4148	0	1
19049	4149	0	1
19050	4150	0	1
19051	4151	0	1
19052	4152	0	1
19053	4153	0	1
19054	4154	0	1
19055	4155	0	1
19056	4156	0	1
19057	4157	0	1
19058	4158	0	1
19059	4159	0	1
19060	4160	0	1
19061	4161	0	1
19062	4162	0	1
19063	4163	0	1
19064	4164	0	1
19065	4165	0	1
19066	4166	0	1
19067	4167	0	1
19068	4168	0	1
19069	4169	0	1
19070	4170	0	1
19071	4171	0	1
19072	4172	0	1
19073	4173	0	1
19074	4174	0	1
19075	4175	0	1
19076	4176	0	1
19077	4177	0	1
19078	4178	0	1
19079	4179	0	1
19080	4180	0	1
19081	4181	0	1
19082	4182	0	1
19083	4183	0	1
19084	4184	0	1
19085	4185	0	1
19086	4186	0	1
19087	4187	0	1
19088	4188	0	1
19089	4189	0	1
19090	4190	0	1
19091	4191	0	1
19092	4192	0	1
19093	4193	0	1
19094	4194	0	1
19095	4195	0	1
19096	4196	0	1
19097	4197	0	1
19098	4198	0	1
19099	4199	0	1
19100	4200	0	1
19130	4230	0	1
19131	4231	0	1
19132	4232	0	1
19133	4233	0	1
19134	4234	0	1
19135	4235	0	1
19136	4236	0	1
19137	4237	0	1
19138	4238	0	1
19139	4239	0	1
19140	4240	0	1
19141	4241	0	1
19142	4242	0	1
19143	4243	0	1
19144	4244	0	1
19145	4245	0	1
19146	4246	0	1
19147	4247	0	1
19148	4248	0	1
19149	4249	0	1
19150	4250	0	1
19151	4251	0	1
19152	4252	0	1
19153	4253	0	1
19154	4254	0	1
19155	4255	0	1
19156	4256	0	1
19157	4257	0	1
19158	4258	0	1
19159	4259	0	1
19160	4260	0	1
19161	4261	0	1
19162	4262	0	1
19163	4263	0	1
19164	4264	0	1
19165	4265	0	1
19166	4266	0	1
19167	4267	0	1
19168	4268	0	1
19169	4269	0	1
19170	4270	0	1
19171	4271	0	1
19172	4272	0	1
19173	4273	0	1
19174	4274	0	1
19175	4275	0	1
19176	4276	0	1
19177	4277	0	1
19178	4278	0	1
19179	4279	0	1
19180	4280	0	1
19181	4281	0	1
19182	4282	0	1
19183	4283	0	1
19184	4284	0	1
19185	4285	0	1
19186	4286	0	1
19187	4287	0	1
19188	4288	0	1
19189	4289	0	1
19190	4290	0	1
19191	4291	0	1
19192	4292	0	1
19193	4293	0	1
19194	4294	0	1
19195	4295	0	1
19196	4296	0	1
19197	4297	0	1
19198	4298	0	1
19199	4299	0	1
19200	4300	0	1
19201	4301	0	1
19202	4302	0	1
19203	4303	0	1
19204	4304	0	1
19205	4305	0	1
19206	4306	0	1
19207	4307	0	1
19208	4308	0	1
19209	4309	0	1
19210	4310	0	1
19211	4311	0	1
19212	4312	0	1
19213	4313	0	1
19214	4314	0	1
19215	4315	0	1
19216	4316	0	1
19217	4317	0	1
19218	4318	0	1
19219	4319	0	1
19220	4320	0	1
19221	4321	0	1
19222	4322	0	1
19223	4323	0	1
19224	4324	0	1
19225	4325	0	1
19226	4326	0	1
19227	4327	0	1
19228	4328	0	1
19229	4329	0	1
19230	4330	0	1
19231	4331	0	1
19232	4332	0	1
19233	4333	0	1
19234	4334	0	1
19235	4335	0	1
19236	4336	0	1
19237	4337	0	1
19238	4338	0	1
19239	4339	0	1
19240	4340	0	1
19241	4341	0	1
19242	4342	0	1
19243	4343	0	1
19244	4344	0	1
19245	4345	0	1
19246	4346	0	1
19247	4347	0	1
19248	4348	0	1
19249	4349	0	1
19250	4350	0	1
19251	4351	0	1
19252	4352	0	1
19253	4353	0	1
19254	4354	0	1
19255	4355	0	1
19256	4356	0	1
19257	4357	0	1
19258	4358	0	1
19259	4359	0	1
19260	4360	0	1
19261	4361	0	1
19262	4362	0	1
19263	4363	0	1
19264	4364	0	1
19265	4365	0	1
19266	4366	0	1
19267	4367	0	1
19268	4368	0	1
19269	4369	0	1
19270	4370	0	1
19271	4371	0	1
19272	4372	0	1
19273	4373	0	1
19274	4374	0	1
19275	4375	0	1
19276	4376	0	1
19277	4377	0	1
19278	4378	0	1
19279	4379	0	1
19280	4380	0	1
19281	4381	0	1
19282	4382	0	1
19283	4383	0	1
19284	4384	0	1
19285	4385	0	1
19286	4386	0	1
19287	4387	0	1
19288	4388	0	1
19289	4389	0	1
19290	4390	0	1
19291	4391	0	1
19292	4392	0	1
19293	4393	0	1
19294	4394	0	1
19295	4395	0	1
19296	4396	0	1
19297	4397	0	1
19298	4398	0	1
19299	4399	0	1
19300	4400	0	1
19301	4401	0	1
19302	4402	0	1
19408	4508	0	1
19409	4509	0	1
19410	4510	0	1
19411	4511	0	1
19412	4512	0	1
19413	4513	0	1
19430	4530	0	1
19431	4531	0	1
19432	4532	0	1
19434	4534	0	1
19435	4535	0	1
19437	4537	0	1
19444	4544	0	1
19451	4551	0	1
19452	4552	0	1
19458	4558	0	1
19479	4579	0	1
19480	4580	0	1
19481	4581	0	1
19482	4582	0	1
19528	4628	0	1
19529	4629	0	1
19530	4630	0	1
19577	4677	0	1
19578	4678	0	1
19579	4679	0	1
19580	4680	0	1
19626	4726	0	1
19627	4727	0	1
19628	4728	0	1
19629	4729	0	1
60687	4824	0	1
60688	4825	0	1
60796	4933	0	1
60888	5025	0	1
60898	5035	0	1
60924	5061	0	1
61069	5206	0	1
61070	5207	0	1
61071	5208	0	1
61072	5209	0	1
61073	5210	0	1
61074	5211	0	1
61075	5212	0	1
61076	5213	0	1
61077	5214	0	1
61078	5215	0	1
61079	5216	0	1
61080	5217	0	1
61081	5218	0	1
61082	5219	0	1
61083	5220	0	1
61084	5221	0	1
61085	5222	0	1
61086	5223	0	1
61087	5224	0	1
61088	5225	0	1
61089	5226	0	1
61090	5227	0	1
61091	5228	0	1
61092	5229	0	1
61093	5230	0	1
61094	5231	0	1
61095	5232	0	1
61096	5233	0	1
61097	5234	0	1
61098	5235	0	1
61099	5236	0	1
61100	5237	0	1
61101	5238	0	1
61102	5239	0	1
61103	5240	0	1
61104	5241	0	1
61105	5242	0	1
61106	5243	0	1
61107	5244	0	1
61108	5245	0	1
61109	5246	0	1
61110	5247	0	1
61111	5248	0	1
61112	5249	0	1
61113	5250	0	1
61114	5251	0	1
61115	5252	0	1
61116	5253	0	1
61117	5254	0	1
61118	5255	0	1
61119	5256	0	1
61120	5257	0	1
61121	5258	0	1
61122	5259	0	1
61123	5260	0	1
61124	5261	0	1
61125	5262	0	1
61126	5263	0	1
61127	5264	0	1
61128	5265	0	1
61129	5266	0	1
61130	5267	0	1
61131	5268	0	1
61132	5269	0	1
61133	5270	0	1
61134	5271	0	1
61135	5272	0	1
61136	5273	0	1
61137	5274	0	1
61138	5275	0	1
61139	5276	0	1
61140	5277	0	1
61141	5278	0	1
61142	5279	0	1
61143	5280	0	1
61144	5281	0	1
61145	5282	0	1
61146	5283	0	1
61147	5284	0	1
61148	5285	0	1
61149	5286	0	1
61150	5287	0	1
61151	5288	0	1
61152	5289	0	1
61153	5290	0	1
61154	5291	0	1
61155	5292	0	1
61156	5293	0	1
61157	5294	0	1
61158	5295	0	1
61159	5296	0	1
61160	5297	0	1
61161	5298	0	1
61162	5299	0	1
61163	5300	0	1
61164	5301	0	1
61165	5302	0	1
61166	5303	0	1
61167	5304	0	1
61168	5305	0	1
61169	5306	0	1
61170	5307	0	1
61171	5308	0	1
61172	5309	0	1
61173	5310	0	1
61174	5311	0	1
61217	5354	0	1
61218	5355	0	1
61219	5356	0	1
61220	5357	0	1
61221	5358	0	1
61222	5359	0	1
61223	5360	0	1
61224	5361	0	1
61225	5362	0	1
61226	5363	0	1
61227	5364	0	1
61228	5365	0	1
61229	5366	0	1
61230	5367	0	1
61231	5368	0	1
61232	5369	0	1
61233	5370	0	1
61234	5371	0	1
61235	5372	0	1
61236	5373	0	1
61237	5374	0	1
61238	5375	0	1
61239	5376	0	1
61240	5377	0	1
61241	5378	0	1
61242	5379	0	1
61243	5380	0	1
61244	5381	0	1
61245	5382	0	1
61246	5383	0	1
61247	5384	0	1
61248	5385	0	1
61249	5386	0	1
61250	5387	0	1
61251	5388	0	1
61252	5389	0	1
61253	5390	0	1
61254	5391	0	1
61255	5392	0	1
61256	5393	0	1
61257	5394	0	1
61258	5395	0	1
61259	5396	0	1
61260	5397	0	1
61261	5398	0	1
61262	5399	0	1
61263	5400	0	1
61264	5401	0	1
61265	5402	0	1
61266	5403	0	1
61267	5404	0	1
61268	5405	0	1
61269	5406	0	1
61270	5407	0	1
61271	5408	0	1
61272	5409	0	1
61273	5410	0	1
61274	5411	0	1
61275	5412	0	1
61276	5413	0	1
61277	5414	0	1
61278	5415	0	1
61279	5416	0	1
61280	5417	0	1
61281	5418	0	1
61282	5419	0	1
61283	5420	0	1
61284	5421	0	1
61285	5422	0	1
61286	5423	0	1
61287	5424	0	1
61288	5425	0	1
61289	5426	0	1
61290	5427	0	1
61291	5428	0	1
61292	5429	0	1
61293	5430	0	1
61294	5431	0	1
61295	5432	0	1
61296	5433	0	1
61297	5434	0	1
61298	5435	0	1
61299	5436	0	1
61300	5437	0	1
61301	5438	0	1
61302	5439	0	1
61303	5440	0	1
61304	5441	0	1
61305	5442	0	1
61306	5443	0	1
61307	5444	0	1
61308	5445	0	1
61309	5446	0	1
61310	5447	0	1
61311	5448	0	1
61312	5449	0	1
61313	5450	0	1
61314	5451	0	1
61315	5452	0	1
61316	5453	0	1
61317	5454	0	1
61318	5455	0	1
61319	5456	0	1
61320	5457	0	1
61363	5500	0	1
61364	5501	0	1
61365	5502	0	1
61366	5503	0	1
61367	5504	0	1
61368	5505	0	1
61369	5506	0	1
61370	5507	0	1
61371	5508	0	1
61372	5509	0	1
61373	5510	0	1
61374	5511	0	1
61375	5512	0	1
61376	5513	0	1
61377	5514	0	1
61378	5515	0	1
61379	5516	0	1
61380	5517	0	1
61381	5518	0	1
61382	5519	0	1
61383	5520	0	1
61384	5521	0	1
61385	5522	0	1
61386	5523	0	1
61387	5524	0	1
61388	5525	0	1
61389	5526	0	1
61390	5527	0	1
61391	5528	0	1
61392	5529	0	1
61393	5530	0	1
61394	5531	0	1
61395	5532	0	1
61396	5533	0	1
61397	5534	0	1
61398	5535	0	1
61399	5536	0	1
61400	5537	0	1
61401	5538	0	1
61402	5539	0	1
61403	5540	0	1
61404	5541	0	1
61405	5542	0	1
61406	5543	0	1
61407	5544	0	1
61408	5545	0	1
61409	5546	0	1
61410	5547	0	1
61411	5548	0	1
61412	5549	0	1
61413	5550	0	1
61414	5551	0	1
61415	5552	0	1
61416	5553	0	1
61417	5554	0	1
61418	5555	0	1
61419	5556	0	1
61420	5557	0	1
61421	5558	0	1
61422	5559	0	1
61423	5560	0	1
61424	5561	0	1
61425	5562	0	1
61426	5563	0	1
61427	5564	0	1
61428	5565	0	1
61429	5566	0	1
61430	5567	0	1
61431	5568	0	1
61432	5569	0	1
61433	5570	0	1
61434	5571	0	1
61435	5572	0	1
61436	5573	0	1
61437	5574	0	1
61438	5575	0	1
61439	5576	0	1
61440	5577	0	1
61441	5578	0	1
61442	5579	0	1
61443	5580	0	1
61444	5581	0	1
61445	5582	0	1
61446	5583	0	1
61447	5584	0	1
61448	5585	0	1
61449	5586	0	1
61450	5587	0	1
61451	5588	0	1
61452	5589	0	1
61453	5590	0	1
61454	5591	0	1
61455	5592	0	1
61456	5593	0	1
61457	5594	0	1
61458	5595	0	1
61459	5596	0	1
61460	5597	0	1
61461	5598	0	1
61462	5599	0	1
61463	5600	0	1
61464	5601	0	1
61465	5602	0	1
61466	5603	0	1
61467	5604	0	1
61468	5605	0	1
61514	5651	0	1
61515	5652	0	1
61516	5653	0	1
61517	5654	0	1
61518	5655	0	1
61519	5656	0	1
61520	5657	0	1
61521	5658	0	1
61522	5659	0	1
61523	5660	0	1
61524	5661	0	1
61525	5662	0	1
61526	5663	0	1
61527	5664	0	1
61528	5665	0	1
61529	5666	0	1
61530	5667	0	1
61531	5668	0	1
61532	5669	0	1
61533	5670	0	1
61534	5671	0	1
61535	5672	0	1
61536	5673	0	1
61537	5674	0	1
61538	5675	0	1
61539	5676	0	1
61540	5677	0	1
61541	5678	0	1
61542	5679	0	1
61543	5680	0	1
61544	5681	0	1
61545	5682	0	1
61546	5683	0	1
61547	5684	0	1
61548	5685	0	1
61549	5686	0	1
61550	5687	0	1
61551	5688	0	1
61552	5689	0	1
61553	5690	0	1
61554	5691	0	1
61555	5692	0	1
61556	5693	0	1
61557	5694	0	1
61558	5695	0	1
61559	5696	0	1
61560	5697	0	1
61561	5698	0	1
61562	5699	0	1
61563	5700	0	1
61564	5701	0	1
61565	5702	0	1
61566	5703	0	1
61567	5704	0	1
61568	5705	0	1
61569	5706	0	1
61570	5707	0	1
61571	5708	0	1
61572	5709	0	1
61573	5710	0	1
61574	5711	0	1
61575	5712	0	1
61576	5713	0	1
61577	5714	0	1
61578	5715	0	1
61579	5716	0	1
61580	5717	0	1
61581	5718	0	1
61582	5719	0	1
61583	5720	0	1
61584	5721	0	1
61585	5722	0	1
61586	5723	0	1
61587	5724	0	1
61588	5725	0	1
61589	5726	0	1
61590	5727	0	1
61591	5728	0	1
61592	5729	0	1
61593	5730	0	1
61594	5731	0	1
61595	5732	0	1
61596	5733	0	1
61597	5734	0	1
61598	5735	0	1
61599	5736	0	1
61600	5737	0	1
61601	5738	0	1
61602	5739	0	1
61603	5740	0	1
61604	5741	0	1
61605	5742	0	1
61606	5743	0	1
61607	5744	0	1
61608	5745	0	1
61609	5746	0	1
61610	5747	0	1
61611	5748	0	1
61612	5749	0	1
61613	5750	0	1
61614	5751	0	1
61615	5752	0	1
61616	5753	0	1
61617	5754	0	1
61618	5755	0	1
61619	5756	0	1
61658	5795	0	1
61659	5796	0	1
61660	5797	0	1
61661	5798	0	1
61662	5799	0	1
61663	5800	0	1
61664	5801	0	1
61665	5802	0	1
61666	5803	0	1
61667	5804	0	1
61668	5805	0	1
61669	5806	0	1
61670	5807	0	1
61671	5808	0	1
61672	5809	0	1
61673	5810	0	1
61674	5811	0	1
61675	5812	0	1
61676	5813	0	1
61677	5814	0	1
61678	5815	0	1
61679	5816	0	1
61680	5817	0	1
61681	5818	0	1
61682	5819	0	1
61683	5820	0	1
61684	5821	0	1
61685	5822	0	1
61686	5823	0	1
61687	5824	0	1
61688	5825	0	1
61689	5826	0	1
61690	5827	0	1
61691	5828	0	1
61692	5829	0	1
61693	5830	0	1
61694	5831	0	1
61695	5832	0	1
61696	5833	0	1
61697	5834	0	1
61698	5835	0	1
61699	5836	0	1
61700	5837	0	1
61701	5838	0	1
61702	5839	0	1
61703	5840	0	1
61704	5841	0	1
61705	5842	0	1
61706	5843	0	1
61707	5844	0	1
61708	5845	0	1
61709	5846	0	1
61710	5847	0	1
61711	5848	0	1
61712	5849	0	1
61713	5850	0	1
61714	5851	0	1
61715	5852	0	1
61716	5853	0	1
61717	5854	0	1
61718	5855	0	1
61719	5856	0	1
61720	5857	0	1
61721	5858	0	1
61722	5859	0	1
61723	5860	0	1
61724	5861	0	1
61725	5862	0	1
61726	5863	0	1
61727	5864	0	1
61728	5865	0	1
61729	5866	0	1
61730	5867	0	1
61731	5868	0	1
61732	5869	0	1
61733	5870	0	1
61734	5871	0	1
61735	5872	0	1
61736	5873	0	1
61737	5874	0	1
61738	5875	0	1
61739	5876	0	1
61740	5877	0	1
61741	5878	0	1
61742	5879	0	1
61743	5880	0	1
61744	5881	0	1
61745	5882	0	1
61746	5883	0	1
61747	5884	0	1
61748	5885	0	1
61749	5886	0	1
61750	5887	0	1
61751	5888	0	1
61752	5889	0	1
61753	5890	0	1
61754	5891	0	1
61755	5892	0	1
61756	5893	0	1
61757	5894	0	1
61758	5895	0	1
61759	5896	0	1
61760	5897	0	1
61761	5898	0	1
61762	5899	0	1
61763	5900	0	1
61803	5940	0	1
61804	5941	0	1
61805	5942	0	1
61806	5943	0	1
61807	5944	0	1
61808	5945	0	1
61809	5946	0	1
61810	5947	0	1
61811	5948	0	1
61812	5949	0	1
61813	5950	0	1
61814	5951	0	1
61815	5952	0	1
61816	5953	0	1
61817	5954	0	1
61818	5955	0	1
61819	5956	0	1
61820	5957	0	1
61821	5958	0	1
61822	5959	0	1
61823	5960	0	1
61824	5961	0	1
61825	5962	0	1
61826	5963	0	1
61827	5964	0	1
61828	5965	0	1
61829	5966	0	1
61830	5967	0	1
61831	5968	0	1
61832	5969	0	1
61833	5970	0	1
61834	5971	0	1
61835	5972	0	1
61836	5973	0	1
61837	5974	0	1
61838	5975	0	1
61839	5976	0	1
61840	5977	0	1
61841	5978	0	1
61842	5979	0	1
61843	5980	0	1
61844	5981	0	1
61845	5982	0	1
61846	5983	0	1
61847	5984	0	1
61848	5985	0	1
61849	5986	0	1
61850	5987	0	1
61851	5988	0	1
61852	5989	0	1
61853	5990	0	1
61854	5991	0	1
61855	5992	0	1
61856	5993	0	1
61857	5994	0	1
61858	5995	0	1
61859	5996	0	1
61860	5997	0	1
61861	5998	0	1
61862	5999	0	1
61863	6000	0	1
61864	6001	0	1
61865	6002	0	1
61866	6003	0	1
61867	6004	0	1
61868	6005	0	1
61869	6006	0	1
61870	6007	0	1
61871	6008	0	1
61872	6009	0	1
61873	6010	0	1
61874	6011	0	1
61875	6012	0	1
61876	6013	0	1
61877	6014	0	1
61878	6015	0	1
61879	6016	0	1
61880	6017	0	1
61881	6018	0	1
61882	6019	0	1
61883	6020	0	1
61884	6021	0	1
61885	6022	0	1
61886	6023	0	1
61887	6024	0	1
61888	6025	0	1
61889	6026	0	1
61890	6027	0	1
61891	6028	0	1
61892	6029	0	1
61893	6030	0	1
61894	6031	0	1
61895	6032	0	1
61896	6033	0	1
61897	6034	0	1
61898	6035	0	1
61899	6036	0	1
61900	6037	0	1
61901	6038	0	1
61902	6039	0	1
61903	6040	0	1
61904	6041	0	1
61905	6042	0	1
61906	6043	0	1
61907	6044	0	1
61947	6084	0	1
61948	6085	0	1
61949	6086	0	1
61950	6087	0	1
61951	6088	0	1
61952	6089	0	1
61953	6090	0	1
61954	6091	0	1
61955	6092	0	1
61956	6093	0	1
61957	6094	0	1
61958	6095	0	1
61959	6096	0	1
61960	6097	0	1
61961	6098	0	1
61962	6099	0	1
61963	6100	0	1
61964	6101	0	1
61965	6102	0	1
61966	6103	0	1
61967	6104	0	1
61968	6105	0	1
61969	6106	0	1
61970	6107	0	1
61971	6108	0	1
61972	6109	0	1
61973	6110	0	1
61974	6111	0	1
61975	6112	0	1
61976	6113	0	1
61977	6114	0	1
61978	6115	0	1
61979	6116	0	1
61980	6117	0	1
61981	6118	0	1
61982	6119	0	1
61983	6120	0	1
61984	6121	0	1
61985	6122	0	1
61986	6123	0	1
61987	6124	0	1
61988	6125	0	1
61989	6126	0	1
61990	6127	0	1
61991	6128	0	1
61992	6129	0	1
61993	6130	0	1
61994	6131	0	1
61995	6132	0	1
61996	6133	0	1
61997	6134	0	1
61998	6135	0	1
61999	6136	0	1
62000	6137	0	1
62001	6138	0	1
62002	6139	0	1
62003	6140	0	1
62004	6141	0	1
62005	6142	0	1
62006	6143	0	1
62007	6144	0	1
62008	6145	0	1
62009	6146	0	1
62010	6147	0	1
62011	6148	0	1
62012	6149	0	1
62013	6150	0	1
62014	6151	0	1
62015	6152	0	1
62016	6153	0	1
62017	6154	0	1
62018	6155	0	1
62019	6156	0	1
62020	6157	0	1
62021	6158	0	1
62022	6159	0	1
62023	6160	0	1
62024	6161	0	1
62025	6162	0	1
62026	6163	0	1
62027	6164	0	1
62028	6165	0	1
62029	6166	0	1
62030	6167	0	1
62031	6168	0	1
62032	6169	0	1
62033	6170	0	1
62034	6171	0	1
62035	6172	0	1
62036	6173	0	1
62037	6174	0	1
62038	6175	0	1
62039	6176	0	1
62040	6177	0	1
62041	6178	0	1
62042	6179	0	1
62043	6180	0	1
62044	6181	0	1
62045	6182	0	1
62046	6183	0	1
62047	6184	0	1
62048	6185	0	1
62049	6186	0	1
62050	6187	0	1
62051	6188	0	1
62052	6189	0	1
62090	6227	0	1
62091	6228	0	1
62092	6229	0	1
62093	6230	0	1
62094	6231	0	1
62095	6232	0	1
62096	6233	0	1
62097	6234	0	1
62098	6235	0	1
62099	6236	0	1
62100	6237	0	1
62101	6238	0	1
62102	6239	0	1
62103	6240	0	1
62104	6241	0	1
62105	6242	0	1
62106	6243	0	1
62107	6244	0	1
62108	6245	0	1
62109	6246	0	1
62110	6247	0	1
62111	6248	0	1
62112	6249	0	1
62113	6250	0	1
62114	6251	0	1
62115	6252	0	1
62116	6253	0	1
62117	6254	0	1
62118	6255	0	1
62119	6256	0	1
62120	6257	0	1
62121	6258	0	1
62122	6259	0	1
62123	6260	0	1
62124	6261	0	1
62125	6262	0	1
62126	6263	0	1
62127	6264	0	1
62128	6265	0	1
62129	6266	0	1
62130	6267	0	1
62131	6268	0	1
62132	6269	0	1
62133	6270	0	1
62134	6271	0	1
62135	6272	0	1
62136	6273	0	1
62137	6274	0	1
62138	6275	0	1
62139	6276	0	1
62140	6277	0	1
62141	6278	0	1
62142	6279	0	1
62143	6280	0	1
62144	6281	0	1
62145	6282	0	1
62146	6283	0	1
62147	6284	0	1
62148	6285	0	1
62149	6286	0	1
62150	6287	0	1
62151	6288	0	1
62152	6289	0	1
62153	6290	0	1
62154	6291	0	1
62155	6292	0	1
62156	6293	0	1
62157	6294	0	1
62158	6295	0	1
62159	6296	0	1
62160	6297	0	1
62161	6298	0	1
62162	6299	0	1
62163	6300	0	1
62164	6301	0	1
62165	6302	0	1
62166	6303	0	1
62167	6304	0	1
62168	6305	0	1
62169	6306	0	1
62170	6307	0	1
62171	6308	0	1
62172	6309	0	1
62173	6310	0	1
62174	6311	0	1
62175	6312	0	1
62176	6313	0	1
62177	6314	0	1
62178	6315	0	1
62179	6316	0	1
62180	6317	0	1
62181	6318	0	1
62182	6319	0	1
62183	6320	0	1
62184	6321	0	1
62185	6322	0	1
62186	6323	0	1
62187	6324	0	1
62188	6325	0	1
62189	6326	0	1
62190	6327	0	1
62191	6328	0	1
62192	6329	0	1
62193	6330	0	1
62194	6331	0	1
62232	6369	0	1
62233	6370	0	1
62598	6735	0	1
62600	6737	0	1
62612	6749	0	1
62614	6751	0	1
62782	6919	0	1
62784	6921	0	1
62860	6997	0	1
62862	6999	0	1
62864	7001	0	1
62866	7003	0	1
62868	7005	0	1
62870	7007	0	1
62924	7061	0	1
62950	7087	0	1
62952	7089	0	1
62954	7091	0	1
62956	7093	0	1
62958	7095	0	1
62960	7097	0	1
62962	7099	0	1
62964	7101	0	1
62966	7103	0	1
62968	7105	0	1
62970	7107	0	1
62972	7109	0	1
62974	7111	0	1
62976	7113	0	1
62978	7115	0	1
62980	7117	0	1
62982	7119	0	1
62984	7121	0	1
62986	7123	0	1
62988	7125	0	1
62990	7127	0	1
62992	7129	0	1
62994	7131	0	1
62996	7133	0	1
62998	7135	0	1
63000	7137	0	1
63002	7139	0	1
63004	7141	0	1
63006	7143	0	1
63008	7145	0	1
63010	7147	0	1
63012	7149	0	1
63014	7151	0	1
63016	7153	0	1
63018	7155	0	1
63020	7157	0	1
63022	7159	0	1
63024	7161	0	1
63026	7163	0	1
63028	7165	0	1
63030	7167	0	1
63032	7169	0	1
63034	7171	0	1
63036	7173	0	1
63038	7175	0	1
63040	7177	0	1
63042	7179	0	1
63044	7181	0	1
63046	7183	0	1
63048	7185	0	1
63050	7187	0	1
63052	7189	0	1
63054	7191	0	1
63058	7195	0	1
63060	7197	0	1
63062	7199	0	1
63064	7201	0	1
63066	7203	0	1
63068	7205	0	1
63070	7207	0	1
63072	7209	0	1
63076	7213	0	1
63078	7215	0	1
63080	7217	0	1
63082	7219	0	1
63084	7221	0	1
63086	7223	0	1
63088	7225	0	1
63090	7227	0	1
63216	7353	0	1
63217	7354	0	1
63218	7355	0	1
63219	7356	0	1
63220	7357	0	1
63221	7358	0	1
63222	7359	0	1
63223	7360	0	1
63225	7362	0	1
63232	7369	0	1
63233	7370	0	1
63234	7371	0	1
63235	7372	0	1
63236	7373	0	1
63237	7374	0	1
63238	7375	0	1
63240	7377	0	1
63247	7384	0	1
63248	7385	0	1
63249	7386	0	1
63250	7387	0	1
63251	7388	0	1
63252	7389	0	1
63253	7390	0	1
63255	7392	0	1
63263	7400	0	1
63264	7401	0	1
63265	7402	0	1
63266	7403	0	1
63267	7404	0	1
63268	7405	0	1
63269	7406	0	1
63271	7408	0	1
63278	7415	0	1
63373	7510	0	1
63374	7511	0	1
63375	7512	0	1
63376	7513	0	1
63377	7514	0	1
63378	7515	0	1
63390	7527	0	1
63391	7528	0	1
63392	7529	0	1
63395	7532	0	1
63424	7561	0	1
63425	7562	0	1
63426	7563	0	1
63427	7564	0	1
63428	7565	0	1
63429	7566	0	1
63441	7578	0	1
63442	7579	0	1
63443	7580	0	1
63444	7581	0	1
63445	7582	0	1
63446	7583	0	1
63447	7584	0	1
63448	7585	0	1
63449	7586	0	1
63450	7587	0	1
63451	7588	0	1
63541	7678	0	1
63542	7679	0	1
63543	7680	0	1
63544	7681	0	1
63545	7682	0	1
63556	7693	0	1
63557	7694	0	1
63558	7695	0	1
63559	7696	0	1
63560	7697	0	1
63571	7708	0	1
63572	7709	0	1
63586	7723	0	1
63587	7724	0	1
63621	7758	0	1
63629	7766	0	1
63811	7948	0	1
63813	7950	0	1
63847	7984	0	1
63864	8001	0	1
63866	8003	0	1
63872	8009	0	1
63900	8037	0	1
63925	8062	0	1
63931	8068	0	1
63933	8070	0	1
63993	8130	0	1
63995	8132	0	1
63997	8134	0	1
64031	8168	0	1
64033	8170	0	1
64035	8172	0	1
64039	8176	0	1
64041	8178	0	1
64043	8180	0	1
64047	8184	0	1
64049	8186	0	1
64051	8188	0	1
64111	8248	0	1
64112	8249	0	1
64113	8250	0	1
64114	8251	0	1
64115	8252	0	1
64116	8253	0	1
64117	8254	0	1
64397	8534	0	1
64426	8563	0	1
64463	8600	0	1
64464	8601	0	1
64465	8602	0	1
64467	8604	0	1
64468	8605	0	1
64474	8611	0	1
64485	8622	0	1
64486	8623	0	1
64504	8641	0	1
64625	8762	0	1
64626	8763	0	1
64627	8764	0	1
64628	8765	0	1
64629	8766	0	1
64630	8767	0	1
64631	8768	0	1
64632	8769	0	1
64633	8770	0	1
64634	8771	0	1
64635	8772	0	1
64636	8773	0	1
64637	8774	0	1
64638	8775	0	1
64639	8776	0	1
64640	8777	0	1
64641	8778	0	1
64642	8779	0	1
64643	8780	0	1
64644	8781	0	1
64645	8782	0	1
64646	8783	0	1
64647	8784	0	1
64648	8785	0	1
64649	8786	0	1
64650	8787	0	1
64651	8788	0	1
64652	8789	0	1
64653	8790	0	1
64654	8791	0	1
64655	8792	0	1
64657	8794	0	1
64659	8796	0	1
64660	8797	0	1
64661	8798	0	1
64663	8800	0	1
64664	8801	0	1
64665	8802	0	1
64667	8804	0	1
64668	8805	0	1
64669	8806	0	1
64670	8807	0	1
64671	8808	0	1
64672	8809	0	1
64674	8811	0	1
64675	8812	0	1
64676	8813	0	1
64677	8814	0	1
64678	8815	0	1
64680	8817	0	1
64682	8819	0	1
64684	8821	0	1
64688	8825	0	1
64689	8826	0	1
64690	8827	0	1
64691	8828	0	1
64693	8830	0	1
64696	8833	0	1
64703	8840	0	1
64704	8841	0	1
64706	8843	0	1
64707	8844	0	1
64708	8845	0	1
64711	8848	0	1
64712	8849	0	1
64713	8850	0	1
64714	8851	0	1
64715	8852	0	1
64716	8853	0	1
64717	8854	0	1
64718	8855	0	1
64719	8856	0	1
64721	8858	0	1
64722	8859	0	1
64723	8860	0	1
64724	8861	0	1
64725	8862	0	1
64726	8863	0	1
64727	8864	0	1
64729	8866	0	1
64730	8867	0	1
64731	8868	0	1
64732	8869	0	1
64733	8870	0	1
64734	8871	0	1
64736	8873	0	1
64737	8874	0	1
64738	8875	0	1
64739	8876	0	1
64740	8877	0	1
64742	8879	0	1
64744	8881	0	1
64745	8882	0	1
64746	8883	0	1
64749	8886	0	1
64750	8887	0	1
64751	8888	0	1
64752	8889	0	1
64753	8890	0	1
64755	8892	0	1
64758	8895	0	1
64759	8896	0	1
64765	8902	0	1
64766	8903	0	1
64768	8905	0	1
64769	8906	0	1
64770	8907	0	1
64771	8908	0	1
64772	8909	0	1
64773	8910	0	1
64774	8911	0	1
64775	8912	0	1
64776	8913	0	1
64777	8914	0	1
64779	8916	0	1
64780	8917	0	1
64781	8918	0	1
64782	8919	0	1
64783	8920	0	1
64784	8921	0	1
64785	8922	0	1
64787	8924	0	1
64788	8925	0	1
64789	8926	0	1
64790	8927	0	1
64791	8928	0	1
64792	8929	0	1
64794	8931	0	1
64795	8932	0	1
64796	8933	0	1
64797	8934	0	1
64798	8935	0	1
64800	8937	0	1
64802	8939	0	1
64803	8940	0	1
64804	8941	0	1
64808	8945	0	1
64809	8946	0	1
64810	8947	0	1
64811	8948	0	1
64813	8950	0	1
64816	8953	0	1
64817	8954	0	1
64823	8960	0	1
64824	8961	0	1
64826	8963	0	1
64827	8964	0	1
64852	8989	0	1
64853	8990	0	1
64854	8991	0	1
64876	9013	0	1
64877	9014	0	1
64878	9015	0	1
64881	9018	0	1
64882	9019	0	1
64883	9020	0	1
64917	9054	0	1
64918	9055	0	1
64919	9056	0	1
64920	9057	0	1
64922	9059	0	1
64923	9060	0	1
64925	9062	0	1
64926	9063	0	1
64929	9066	0	1
64930	9067	0	1
64931	9068	0	1
64932	9069	0	1
64933	9070	0	1
64934	9071	0	1
64935	9072	0	1
64936	9073	0	1
64937	9074	0	1
64938	9075	0	1
64939	9076	0	1
64940	9077	0	1
64941	9078	0	1
64942	9079	0	1
64943	9080	0	1
64944	9081	0	1
64945	9082	0	1
64946	9083	0	1
64947	9084	0	1
64948	9085	0	1
64949	9086	0	1
64950	9087	0	1
64951	9088	0	1
64952	9089	0	1
64953	9090	0	1
64955	9092	0	1
64956	9093	0	1
64957	9094	0	1
64958	9095	0	1
64959	9096	0	1
64960	9097	0	1
64961	9098	0	1
64963	9100	0	1
64964	9101	0	1
64965	9102	0	1
64966	9103	0	1
64967	9104	0	1
64968	9105	0	1
64969	9106	0	1
64970	9107	0	1
64971	9108	0	1
64972	9109	0	1
64973	9110	0	1
64974	9111	0	1
64975	9112	0	1
64976	9113	0	1
64977	9114	0	1
64978	9115	0	1
64979	9116	0	1
64980	9117	0	1
64981	9118	0	1
64982	9119	0	1
64983	9120	0	1
64984	9121	0	1
64985	9122	0	1
64986	9123	0	1
64987	9124	0	1
64988	9125	0	1
64989	9126	0	1
64990	9127	0	1
64991	9128	0	1
64992	9129	0	1
64993	9130	0	1
64994	9131	0	1
64995	9132	0	1
64996	9133	0	1
64997	9134	0	1
64998	9135	0	1
64999	9136	0	1
65000	9137	0	1
65035	9172	0	1
65038	9175	0	1
65160	9297	0	1
65162	9299	0	1
65164	9301	0	1
65176	9313	0	1
65188	9325	0	1
65190	9327	0	1
65192	9329	0	1
65222	9359	0	1
66332	10469	0	1
66547	10684	0	1
66563	10700	0	1
66664	10801	0	1
66800	10937	0	1
66914	11051	0	1
67089	11226	0	1
67091	11228	0	1
67137	11274	0	1
67139	11276	0	1
67140	11277	0	1
67142	11279	0	1
67144	11281	0	1
67146	11283	0	1
67148	11285	0	1
67150	11287	0	1
67175	11312	0	1
67293	11430	0	1
67294	11431	0	1
67295	11432	0	1
67296	11433	0	1
67297	11434	0	1
67298	11435	0	1
67299	11436	0	1
67300	11437	0	1
67304	11441	0	1
67305	11442	0	1
67306	11443	0	1
67307	11444	0	1
67308	11445	0	1
67309	11446	0	1
67310	11447	0	1
67311	11448	0	1
67312	11449	0	1
67313	11450	0	1
67326	11463	0	1
67327	11464	0	1
67328	11465	0	1
67329	11466	0	1
67340	11477	0	1
67346	11483	0	1
67352	11489	0	1
67353	11490	0	1
67354	11491	0	1
67362	11499	0	1
67364	11501	0	1
67365	11502	0	1
67366	11503	0	1
67367	11504	0	1
67368	11505	0	1
67369	11506	0	1
67370	11507	0	1
67371	11508	0	1
67461	11598	0	1
67462	11599	0	1
67463	11600	0	1
67539	11676	0	1
67547	11684	0	1
67569	11706	0	1
67570	11707	0	1
67571	11708	0	1
67583	11720	0	1
67584	11721	0	1
67585	11722	0	1
67586	11723	0	1
67587	11724	0	1
67588	11725	0	1
67589	11726	0	1
67590	11727	0	1
67591	11728	0	1
67592	11729	0	1
67593	11730	0	1
67594	11731	0	1
67595	11732	0	1
67596	11733	0	1
67597	11734	0	1
67598	11735	0	1
67599	11736	0	1
67600	11737	0	1
67601	11738	0	1
67602	11739	0	1
67603	11740	0	1
67604	11741	0	1
67605	11742	0	1
67606	11743	0	1
67607	11744	0	1
67620	11757	0	1
67621	11758	0	1
67623	11760	0	1
67630	11767	0	1
67632	11769	0	1
67634	11771	0	1
67636	11773	0	1
67638	11775	0	1
67694	11831	0	1
67695	11832	0	1
67696	11833	0	1
67697	11834	0	1
67698	11835	0	1
67699	11836	0	1
67700	11837	0	1
67701	11838	0	1
67702	11839	0	1
67703	11840	0	1
67704	11841	0	1
67706	11843	0	1
67708	11845	0	1
67710	11847	0	1
67711	11848	0	1
67712	11849	0	1
67713	11850	0	1
67714	11851	0	1
67715	11852	0	1
67716	11853	0	1
67719	11856	0	1
67730	11867	0	1
67731	11868	0	1
67732	11869	0	1
67733	11870	0	1
67734	11871	0	1
67735	11872	0	1
67740	11877	0	1
67741	11878	0	1
67742	11879	0	1
67747	11884	0	1
67877	12014	0	1
67879	12016	0	1
67880	12017	0	1
67889	12026	0	1
67891	12028	0	1
67892	12029	0	1
67899	12036	0	1
67900	12037	0	1
67907	12044	0	1
67908	12045	0	1
67915	12052	0	1
67916	12053	0	1
67927	12064	0	1
67928	12065	0	1
67933	12070	0	1
67935	12072	0	1
67936	12073	0	1
67937	12074	0	1
67940	12077	0	1
67942	12079	0	1
67944	12081	0	1
67956	12093	0	1
68090	12227	0	1
68096	12233	0	1
68098	12235	0	1
68100	12237	0	1
68102	12239	0	1
68107	12244	0	1
68109	12246	0	1
68111	12248	0	1
68197	12334	0	1
68198	12335	0	1
68224	12361	0	1
68226	12363	0	1
68228	12365	0	1
68232	12369	0	1
68238	12375	0	1
68240	12377	0	1
68290	12427	0	1
68314	12451	0	1
68325	12462	0	1
68332	12469	0	1
68353	12490	0	1
68355	12492	0	1
68357	12494	0	1
68365	12502	0	1
68391	12528	0	1
68418	12555	0	1
68422	12559	0	1
68436	12573	0	1
68440	12577	0	1
68448	12585	0	1
68450	12587	0	1
68500	12637	0	1
68576	12713	0	1
68740	12877	0	1
68748	12885	0	1
68750	12887	0	1
68752	12889	0	1
68754	12891	0	1
68756	12893	0	1
68794	12931	0	1
68854	12991	0	1
68870	13007	0	1
68880	13017	0	1
68890	13027	0	1
68894	13031	0	1
68896	13033	0	1
68900	13037	0	1
68902	13039	0	1
68920	13057	0	1
68922	13059	0	1
68924	13061	0	1
68926	13063	0	1
68928	13065	0	1
68930	13067	0	1
68932	13069	0	1
68934	13071	0	1
69163	13300	0	1
69335	13472	0	1
69343	13480	0	1
69349	13486	0	1
69351	13488	0	1
69355	13492	0	1
69398	13535	0	1
69399	13536	0	1
69400	13537	0	1
69401	13538	0	1
69402	13539	0	1
69404	13541	0	1
69405	13542	0	1
69407	13544	0	1
69409	13546	0	1
69411	13548	0	1
69413	13550	0	1
69430	13567	0	1
69431	13568	0	1
69432	13569	0	1
69434	13571	0	1
69436	13573	0	1
69437	13574	0	1
69438	13575	0	1
69439	13576	0	1
69440	13577	0	1
69441	13578	0	1
69442	13579	0	1
69443	13580	0	1
69444	13581	0	1
69445	13582	0	1
69446	13583	0	1
69447	13584	0	1
69448	13585	0	1
69449	13586	0	1
69450	13587	0	1
69451	13588	0	1
69452	13589	0	1
69453	13590	0	1
69454	13591	0	1
69455	13592	0	1
69476	13613	0	1
69498	13635	0	1
69504	13641	0	1
69510	13647	0	1
69515	13652	0	1
69516	13653	0	1
69517	13654	0	1
69519	13656	0	1
69522	13659	0	1
69524	13661	0	1
69526	13663	0	1
69529	13666	0	1
69530	13667	0	1
69531	13668	0	1
69533	13670	0	1
69536	13673	0	1
69537	13674	0	1
69538	13675	0	1
69540	13677	0	1
69541	13678	0	1
69546	13683	0	1
69547	13684	0	1
69549	13686	0	1
69550	13687	0	1
69551	13688	0	1
69656	13793	0	1
69692	13829	0	1
69693	13830	0	1
69694	13831	0	1
69695	13832	0	1
69696	13833	0	1
69697	13834	0	1
69698	13835	0	1
69699	13836	0	1
69700	13837	0	1
69702	13839	0	1
69738	13875	0	1
69739	13876	0	1
69740	13877	0	1
69741	13878	0	1
69742	13879	0	1
69743	13880	0	1
69744	13881	0	1
69745	13882	0	1
69746	13883	0	1
69747	13884	0	1
69748	13885	0	1
69749	13886	0	1
69750	13887	0	1
69751	13888	0	1
69752	13889	0	1
69753	13890	0	1
69754	13891	0	1
69755	13892	0	1
69756	13893	0	1
69757	13894	0	1
69758	13895	0	1
69759	13896	0	1
69760	13897	0	1
69761	13898	0	1
69762	13899	0	1
69763	13900	0	1
69764	13901	0	1
69765	13902	0	1
69766	13903	0	1
69767	13904	0	1
69768	13905	0	1
69769	13906	0	1
69770	13907	0	1
69771	13908	0	1
69772	13909	0	1
69773	13910	0	1
69774	13911	0	1
69775	13912	0	1
69776	13913	0	1
69777	13914	0	1
69778	13915	0	1
69779	13916	0	1
69780	13917	0	1
69781	13918	0	1
69782	13919	0	1
69783	13920	0	1
69784	13921	0	1
69785	13922	0	1
69786	13923	0	1
69787	13924	0	1
69788	13925	0	1
69789	13926	0	1
69790	13927	0	1
69791	13928	0	1
69792	13929	0	1
69793	13930	0	1
69794	13931	0	1
69795	13932	0	1
69796	13933	0	1
69797	13934	0	1
69798	13935	0	1
69799	13936	0	1
69800	13937	0	1
69801	13938	0	1
69802	13939	0	1
69803	13940	0	1
69843	13980	0	1
69844	13981	0	1
69845	13982	0	1
69846	13983	0	1
69847	13984	0	1
69848	13985	0	1
69852	13989	0	1
69853	13990	0	1
69854	13991	0	1
69855	13992	0	1
69864	14001	0	1
69867	14004	0	1
69870	14007	0	1
69875	14012	0	1
69876	14013	0	1
69877	14014	0	1
69878	14015	0	1
69879	14016	0	1
69880	14017	0	1
69881	14018	0	1
69882	14019	0	1
69883	14020	0	1
69884	14021	0	1
69885	14022	0	1
69886	14023	0	1
69887	14024	0	1
69888	14025	0	1
69889	14026	0	1
69890	14027	0	1
69891	14028	0	1
69892	14029	0	1
69893	14030	0	1
69895	14032	0	1
69896	14033	0	1
69898	14035	0	1
69899	14036	0	1
69900	14037	0	1
69901	14038	0	1
69902	14039	0	1
69904	14041	0	1
69905	14042	0	1
69906	14043	0	1
69907	14044	0	1
69908	14045	0	1
69909	14046	0	1
69910	14047	0	1
69911	14048	0	1
69912	14049	0	1
69913	14050	0	1
69914	14051	0	1
69915	14052	0	1
69917	14054	0	1
69918	14055	0	1
69919	14056	0	1
69920	14057	0	1
69921	14058	0	1
69923	14060	0	1
69924	14061	0	1
69926	14063	0	1
69927	14064	0	1
69928	14065	0	1
69929	14066	0	1
69930	14067	0	1
69931	14068	0	1
69933	14070	0	1
69934	14071	0	1
69935	14072	0	1
69936	14073	0	1
69937	14074	0	1
69938	14075	0	1
69939	14076	0	1
69940	14077	0	1
69941	14078	0	1
69942	14079	0	1
69943	14080	0	1
69944	14081	0	1
69945	14082	0	1
69946	14083	0	1
69947	14084	0	1
69948	14085	0	1
69949	14086	0	1
69952	14089	0	1
69953	14090	0	1
69954	14091	0	1
69955	14092	0	1
69956	14093	0	1
69957	14094	0	1
69958	14095	0	1
69959	14096	0	1
69961	14098	0	1
70012	14149	0	1
70013	14150	0	1
70015	14152	0	1
70016	14153	0	1
70017	14154	0	1
70018	14155	0	1
70019	14156	0	1
70020	14157	0	1
70047	14184	0	1
70048	14185	0	1
70050	14187	0	1
70051	14188	0	1
70080	14217	0	1
70226	14363	0	1
70232	14369	0	1
70234	14371	0	1
70316	14453	0	1
70317	14454	0	1
70318	14455	0	1
70319	14456	0	1
70320	14457	0	1
99100	14527	0	1
99104	14531	0	1
99108	14535	0	1
99110	14537	0	1
99113	14540	0	1
99115	14542	0	1
99117	14544	0	1
99119	14546	0	1
99124	14551	0	1
99126	14553	0	1
99129	14556	0	1
99131	14558	0	1
99133	14560	0	1
99135	14562	0	1
99141	14568	0	1
99143	14570	0	1
99145	14572	0	1
99147	14574	0	1
99149	14576	0	1
99151	14578	0	1
99153	14580	0	1
99155	14582	0	1
99159	14586	0	1
99161	14588	0	1
99163	14590	0	1
99165	14592	0	1
99167	14594	0	1
99169	14596	0	1
99171	14598	0	1
99177	14604	0	1
99179	14606	0	1
99181	14608	0	1
99183	14610	0	1
99187	14614	0	1
99191	14618	0	1
99212	14639	0	1
99214	14641	0	1
99216	14643	0	1
99218	14645	0	1
99220	14647	0	1
99222	14649	0	1
99224	14651	0	1
99548	14975	0	1
99828	15255	0	1
99830	15257	0	1
100104	15531	0	1
100198	15625	0	1
100200	15627	0	1
100206	15633	0	1
100220	15647	0	1
100222	15649	0	1
100240	15667	0	1
100242	15669	0	1
100250	15677	0	1
100252	15679	0	1
100290	15717	0	1
100292	15719	0	1
100302	15729	0	1
100304	15731	0	1
100310	15737	0	1
100312	15739	0	1
100318	15745	0	1
100320	15747	0	1
100328	15755	0	1
100330	15757	0	1
100382	15809	0	1
100388	15815	0	1
100465	15892	0	1
100484	15911	0	1
100936	16363	0	1
100986	16413	0	1
100994	16421	0	1
101002	16429	0	1
101008	16435	0	1
101012	16439	0	1
101020	16447	0	1
101024	16451	0	1
101026	16453	0	1
101028	16455	0	1
101030	16457	0	1
101032	16459	0	1
101034	16461	0	1
101044	16471	0	1
101048	16475	0	1
101050	16477	0	1
101052	16479	0	1
101054	16481	0	1
101056	16483	0	1
101058	16485	0	1
101060	16487	0	1
101062	16489	0	1
101064	16491	0	1
101066	16493	0	1
101068	16495	0	1
101070	16497	0	1
101072	16499	0	1
101076	16503	0	1
101078	16505	0	1
101080	16507	0	1
101084	16511	0	1
101086	16513	0	1
101088	16515	0	1
101090	16517	0	1
101092	16519	0	1
101096	16523	0	1
101098	16525	0	1
101102	16529	0	1
101106	16533	0	1
101108	16535	0	1
101110	16537	0	1
101114	16541	0	1
101116	16543	0	1
101118	16545	0	1
101120	16547	0	1
101122	16549	0	1
101124	16551	0	1
101126	16553	0	1
101128	16555	0	1
101130	16557	0	1
101132	16559	0	1
101136	16563	0	1
101138	16565	0	1
101140	16567	0	1
101144	16571	0	1
101146	16573	0	1
101148	16575	0	1
101150	16577	0	1
101154	16581	0	1
101156	16583	0	1
101162	16589	0	1
101164	16591	0	1
101166	16593	0	1
101168	16595	0	1
101170	16597	0	1
101172	16599	0	1
101174	16601	0	1
101176	16603	0	1
101180	16607	0	1
101182	16609	0	1
101186	16613	0	1
101188	16615	0	1
101190	16617	0	1
101194	16621	0	1
101198	16625	0	1
101200	16627	0	1
101202	16629	0	1
101206	16633	0	1
101208	16635	0	1
101210	16637	0	1
101212	16639	0	1
101216	16643	0	1
101218	16645	0	1
101220	16647	0	1
101222	16649	0	1
101226	16653	0	1
101230	16657	0	1
101234	16661	0	1
101236	16663	0	1
101238	16665	0	1
101240	16667	0	1
101242	16669	0	1
101244	16671	0	1
101246	16673	0	1
101248	16675	0	1
101250	16677	0	1
101252	16679	0	1
101254	16681	0	1
101256	16683	0	1
101258	16685	0	1
101260	16687	0	1
101262	16689	0	1
101264	16691	0	1
101266	16693	0	1
101268	16695	0	1
101270	16697	0	1
101272	16699	0	1
101274	16701	0	1
101276	16703	0	1
101278	16705	0	1
101280	16707	0	1
101284	16711	0	1
101286	16713	0	1
101292	16719	0	1
101294	16721	0	1
101296	16723	0	1
101360	16787	0	1
101362	16789	0	1
101364	16791	0	1
101366	16793	0	1
101368	16795	0	1
101370	16797	0	1
101372	16799	0	1
101382	16809	0	1
101392	16819	0	1
101394	16821	0	1
101396	16823	0	1
101404	16831	0	1
101475	16902	0	1
101476	16903	0	1
101478	16905	0	1
101479	16906	0	1
101481	16908	0	1
101491	16918	0	1
101492	16919	0	1
101493	16920	0	1
101494	16921	0	1
101495	16922	0	1
101496	16923	0	1
101497	16924	0	1
101498	16925	0	1
101507	16934	0	1
101508	16935	0	1
101509	16936	0	1
101510	16937	0	1
101511	16938	0	1
101512	16939	0	1
101513	16940	0	1
101514	16941	0	1
101515	16942	0	1
101523	16950	0	1
101524	16951	0	1
101525	16952	0	1
101526	16953	0	1
101527	16954	0	1
101528	16955	0	1
101529	16956	0	1
101530	16957	0	1
101531	16958	0	1
101532	16959	0	1
101533	16960	0	1
101534	16961	0	1
101535	16962	0	1
101536	16963	0	1
101543	16970	0	1
101544	16971	0	1
101545	16972	0	1
101546	16973	0	1
101547	16974	0	1
101548	16975	0	1
101549	16976	0	1
101554	16981	0	1
101555	16982	0	1
101556	16983	0	1
101557	16984	0	1
101558	16985	0	1
101559	16986	0	1
101560	16987	0	1
101561	16988	0	1
101562	16989	0	1
101563	16990	0	1
101565	16992	0	1
101566	16993	0	1
101567	16994	0	1
101568	16995	0	1
101569	16996	0	1
101570	16997	0	1
101576	17003	0	1
101577	17004	0	1
101595	17022	0	1
101602	17029	0	1
101603	17030	0	1
101607	17034	0	1
101608	17035	0	1
101610	17037	0	1
101611	17038	0	1
