test_no expected predicted
1	0	0
2	0	0
3	0	0
4	0	0
5	1	1
6	0	0
7	0	0
8	1	1
9	0	0
10	0	0
11	0	0
12	1	1
13	1	1
14	1	1
15	1	0
16	0	0
17	0	0
18	1	1
19	0	0
20	0	0
21	0	0
22	1	1
23	1	0
24	0	0
25	0	1
26	0	0
27	1	0
28	0	0
29	0	0
30	0	0
31	1	1
32	0	0
33	0	0
34	0	1
35	0	0
36	0	0
37	1	1
38	0	0
39	0	0
40	0	0
41	0	0
42	0	0
43	1	1
44	0	0
45	1	1
46	1	0
47	0	0
48	0	0
49	0	0
50	0	0
51	0	0
52	0	0
53	0	0
54	1	1
55	0	0
56	0	0
57	0	0
58	0	1
59	0	1
60	0	0
61	0	0
62	0	0
63	1	1
64	0	1
65	0	0
66	1	1
67	0	1
68	1	1
69	0	0
70	1	1
71	0	0
72	1	1
73	1	1
74	0	0
75	1	1
76	0	0
77	0	0
78	0	0
79	1	1
80	0	0
81	0	0
82	0	0
83	0	0
84	1	1
85	0	0
86	0	1
87	0	0
88	0	0
89	0	0
90	1	1
91	1	1
92	0	0
93	0	0
94	1	1
95	0	0
96	0	0
97	0	1
98	1	1
99	0	0
100	0	0
101	0	0
102	1	1
103	0	0
104	1	1
105	1	1
106	0	0
107	0	0
108	0	0
109	1	1
110	1	1
111	1	1
112	0	0
113	0	0
114	0	0
115	0	0
116	1	1
117	1	1
118	0	1
119	1	1
120	0	0
121	1	1
122	0	0
123	0	0
124	0	0
125	0	0
126	1	1
127	0	0
128	0	0
129	1	1
130	1	1
131	0	0
132	0	0
133	1	1
134	0	0
135	0	0
136	1	1
137	1	1
138	0	0
139	0	0
140	1	0
141	1	1
142	0	0
143	0	0
144	0	0
145	0	0
146	0	0
147	0	0
148	0	0
149	1	1
150	0	0
151	0	0
152	1	1
153	0	0
154	1	1
155	0	0
156	0	0
157	0	0
158	0	0
159	0	0
160	1	1
161	1	1
162	0	0
163	1	1
164	0	0
165	0	0
166	1	1
167	0	0
168	1	1
169	0	0
170	0	0
171	1	1
172	0	1
173	1	1
174	0	0
175	1	1
176	0	0
177	0	0
178	0	0
179	0	0
180	1	1
181	1	1
182	1	1
183	0	0
184	1	1
185	1	1
186	0	0
187	0	0
188	0	0
189	0	0
190	1	1
191	0	0
192	0	0
193	0	0
194	1	1
195	0	0
196	0	0
197	0	1
198	1	1
199	0	0
200	0	0
201	1	1
202	1	1
203	1	1
204	0	0
205	0	0
206	0	0
207	0	0
208	0	0
209	1	1
210	0	0
211	0	0
212	1	1
213	0	0
214	1	1
215	1	1
216	0	0
217	1	1
218	0	0
219	1	1
220	0	0
221	0	0
222	1	1
223	0	0
224	0	0
225	1	1
226	0	0
227	0	0
228	0	0
229	1	1
230	1	1
231	0	0
232	1	1
233	0	0
234	0	0
235	0	1
236	0	0
237	1	0
238	0	0
239	1	1
240	0	0
241	0	0
242	0	0
243	0	0
244	1	1
245	1	1
246	0	0
247	0	0
248	1	1
249	0	0
250	0	0
251	0	0
252	0	0
253	0	0
254	0	0
255	1	1
256	1	1
257	0	0
258	0	0
259	0	0
260	0	0
261	1	1
262	0	0
263	1	1
264	0	0
265	0	0
266	0	0
267	0	0
268	0	0
269	0	0
270	0	0
271	0	1
272	0	1
273	1	1
274	0	0
275	0	0
276	0	0
277	1	1
278	0	0
279	1	1
280	0	0
281	0	0
282	0	0
283	0	0
284	0	0
285	1	1
286	0	0
287	1	1
288	0	0
289	1	1
290	1	1
291	0	0
292	1	1
293	1	1
294	0	0
295	0	0
296	0	0
297	0	0
298	1	1
299	1	1
300	0	0
301	1	0
302	0	0
303	1	1
304	1	1
305	0	0
306	0	0
307	0	1
308	0	0
309	0	0
310	0	0
311	1	0
312	0	0
313	0	1
314	1	1
315	1	1
316	1	1
317	0	0
318	1	1
319	1	1
320	1	1
321	1	1
322	1	1
323	0	0
324	1	1
325	0	1
326	0	1
327	0	0
328	1	1
329	0	0
330	0	1
331	0	0
332	1	0
333	0	1
334	0	0
335	1	1
336	1	1
337	1	1
338	1	1
339	0	0
340	0	0
341	0	0
342	0	0
343	0	0
344	1	1
345	0	0
346	0	0
347	0	0
348	0	0
349	0	1
350	1	1
351	0	1
352	0	0
353	1	1
354	1	1
355	0	1
356	0	0
357	1	1
358	0	0
359	0	0
360	0	0
361	1	1
362	0	0
363	0	0
364	0	0
365	0	0
366	0	0
367	0	0
368	1	1
369	0	1
370	1	1
371	0	1
372	0	0
373	1	1
374	0	0
375	1	1
376	0	0
377	0	1
378	0	0
379	1	1
380	0	0
381	1	1
382	0	0
383	0	0
384	1	1
385	1	1
386	0	0
387	0	0
388	1	0
389	0	0
390	0	0
391	1	1
392	1	1
393	1	1
394	1	1
395	1	1
396	0	0
397	0	0
398	0	0
399	0	0
400	1	1
401	0	1
402	0	1
403	0	0
404	0	0
405	0	0
406	0	0
407	0	0
408	0	0
409	1	1
410	1	1
411	0	0
412	0	0
413	0	0
414	1	1
415	1	1
416	0	0
417	0	0
418	0	0
419	0	0
420	0	0
421	1	1
422	0	0
423	0	0
424	0	0
425	1	1
426	0	1
427	0	0
428	0	0
429	1	1
430	0	0
431	0	0
432	0	0
433	0	0
434	0	0
435	0	1
436	0	0
437	0	0
438	0	0
439	0	0
440	1	0
441	1	1
442	1	1
443	0	0
444	0	0
445	0	0
446	0	0
447	0	0
448	0	0
449	0	0
450	1	1
451	1	1
452	0	0
453	1	0
454	0	0
455	0	0
456	0	0
457	0	0
458	1	1
459	1	1
460	0	1
461	1	1
462	0	0
463	0	0
464	1	1
465	0	0
466	0	0
467	0	0
468	1	1
469	0	0
470	0	0
471	0	0
472	1	1
473	0	0
474	0	0
475	0	0
476	1	1
477	0	0
478	0	0
479	1	1
480	1	1
481	1	1
482	1	1
483	1	1
484	0	0
485	1	1
486	0	1
487	0	0
488	0	0
489	1	1
490	0	0
491	0	0
492	1	1
493	1	0
494	0	0
495	1	1
496	0	0
497	0	1
498	0	0
499	0	0
500	1	1
501	0	0
502	1	1
503	1	1
504	1	0
505	0	0
506	1	1
507	0	0
508	0	0
509	0	1
510	0	1
511	1	1
512	1	1
513	0	0
514	0	0
515	0	0
516	0	0
517	0	0
518	0	0
519	0	1
520	0	0
521	0	0
522	0	0
523	1	1
524	0	0
525	0	0
526	0	0
527	0	0
528	0	0
529	0	0
530	1	1
531	1	1
532	1	1
533	1	1
534	0	0
535	1	1
536	0	0
537	1	1
538	0	0
539	0	1
540	1	1
541	1	1
542	0	0
543	1	1
544	0	0
545	0	0
546	0	0
547	0	0
548	0	0
549	0	0
550	1	0
551	1	1
552	1	1
553	0	0
554	1	1
555	1	1
556	0	0
557	0	0
558	0	0
559	0	0
560	1	1
561	0	0
562	0	0
563	1	1
564	0	1
565	0	0
566	0	1
567	0	0
568	0	0
569	0	0
570	0	0
571	0	0
572	1	1
573	0	0
574	0	0
575	0	0
576	0	0
577	1	1
578	1	1
579	0	0
580	1	1
581	0	0
582	1	1
583	1	1
584	0	0
585	0	0
586	1	1
587	0	0
588	0	0
589	0	0
590	1	1
591	0	0
592	1	1
593	0	0
594	0	0
595	1	1
596	0	0
597	1	1
598	1	1
599	0	0
600	0	0
601	0	0
602	0	0
603	0	0
604	0	0
605	1	1
606	0	0
607	0	0
608	1	1
609	0	0
610	0	0
611	0	0
612	0	1
613	0	0
614	1	1
615	0	0
616	1	1
617	1	1
618	0	1
619	0	0
620	1	1
621	1	1
622	0	0
623	1	1
624	0	1
625	1	1
626	0	0
627	0	0
628	0	0
629	0	0
630	0	0
631	0	0
632	0	0
633	0	0
634	1	1
635	0	0
636	1	1
637	0	0
638	0	0
639	0	0
640	0	0
641	0	0
642	1	1
643	1	1
644	1	1
645	0	0
646	0	0
647	0	0
648	0	0
649	1	1
650	0	0
651	0	0
652	0	0
653	0	0
654	0	1
655	0	0
656	0	1
657	0	0
658	0	0
659	0	0
660	0	0
661	0	0
662	1	1
663	0	0
664	1	1
665	0	1
666	0	0
667	0	0
668	0	0
669	0	0
670	1	0
671	0	0
672	0	0
673	0	0
674	0	0
675	0	0
676	1	1
677	0	0
678	0	0
679	1	0
680	1	1
681	0	0
682	0	0
683	0	0
684	1	1
685	0	0
686	0	0
687	1	1
688	0	0
689	0	0
690	1	1
691	0	0
692	0	0
693	0	0
694	1	1
695	0	0
696	0	0
697	0	0
698	0	0
699	1	1
700	0	1
701	1	1
702	0	0
703	0	0
704	0	0
705	1	1
706	1	1
707	0	0
708	1	1
709	0	0
710	0	0
711	0	0
712	0	0
713	1	1
714	0	0
715	1	1
716	0	0
717	1	1
718	1	1
719	0	0
720	1	1
721	1	1
722	0	0
723	1	1
724	0	0
725	0	0
726	1	1
727	0	0
728	0	0
729	0	0
730	1	1
731	0	0
732	0	0
733	1	0
734	0	0
735	1	1
736	1	1
737	0	0
738	0	0
739	0	1
740	0	0
741	1	1
742	1	1
743	1	1
744	1	1
745	1	0
746	1	1
747	0	0
748	0	0
749	0	0
750	0	0
751	0	0
752	1	1
753	1	0
754	0	0
755	1	1
756	1	0
757	0	0
758	1	0
759	0	0
760	1	1
761	1	0
762	0	0
763	1	1
764	0	1
765	0	0
766	0	0
767	0	0
768	0	0
769	0	0
770	0	1
771	0	0
772	0	0
773	0	0
774	0	0
775	0	1
776	0	0
777	1	1
778	0	0
779	1	1
780	1	1
781	0	0
782	0	1
783	1	1
784	0	0
785	0	0
786	0	0
787	1	1
788	0	0
789	0	0
790	1	1
791	1	1
792	0	0
793	1	1
794	0	0
795	0	0
796	0	0
797	0	0
798	0	0
799	0	0
800	1	1
801	0	1
802	1	0
803	0	1
804	0	0
805	1	1
806	1	1
807	0	0
808	0	0
809	0	0
810	0	1
811	0	0
812	1	1
813	0	0
814	0	0
815	0	0
816	0	0
817	1	1
818	0	0
819	0	0
820	0	0
821	0	0
822	0	0
823	0	0
824	1	1
825	0	0
826	0	0
827	0	0
828	0	1
829	0	0
830	1	1
831	0	0
832	0	0
833	0	0
834	0	0
835	1	1
836	0	0
837	0	0
838	0	0
839	0	0
840	0	0
841	0	0
842	1	1
843	0	0
844	1	1
845	0	0
846	0	0
847	0	0
848	0	0
849	0	0
850	0	0
851	1	1
852	0	0
853	0	0
854	0	0
855	0	0
856	0	0
857	1	1
858	0	0
859	0	0
860	0	0
861	0	0
862	0	0
863	1	1
864	0	0
865	1	1
866	0	0
867	0	0
868	0	0
869	0	0
870	1	1
871	1	1
872	1	1
873	1	1
874	0	0
875	0	0
876	1	1
877	0	0
878	0	0
879	0	0
880	0	0
881	0	0
882	1	1
883	0	0
884	0	0
885	0	0
886	0	0
887	1	1
888	0	0
889	0	0
890	0	0
891	0	0
892	0	0
893	0	0
894	0	0
895	0	0
896	0	1
897	1	1
898	0	0
899	0	0
900	0	0
901	0	0
902	0	0
903	0	0
904	0	0
905	0	0
906	0	1
907	0	0
908	1	1
909	1	0
910	0	0
911	0	0
912	1	1
913	1	1
914	0	0
915	0	0
916	0	0
917	0	0
918	0	0
919	1	1
920	0	0
921	0	0
922	0	0
923	0	0
924	1	1
925	0	0
926	0	0
927	1	1
928	0	0
929	1	1
930	0	0
931	0	0
932	0	0
933	0	0
934	1	1
935	0	0
936	0	0
937	1	1
938	1	1
939	0	0
940	1	0
941	0	0
942	0	0
943	0	0
944	0	0
945	0	0
946	1	1
947	1	1
948	1	1
949	0	0
950	0	0
951	0	0
952	0	0
953	1	1
954	1	1
955	0	0
956	0	0
957	1	1
958	0	0
959	1	1
960	1	1
961	1	1
962	0	0
963	0	0
964	1	1
965	0	0
966	0	0
967	0	0
968	0	0
969	0	0
970	0	0
971	0	0
972	0	1
973	0	0
974	0	0
975	1	1
976	0	0
977	1	1
978	0	0
979	0	0
980	0	0
981	0	0
982	1	1
983	0	0
984	0	0
985	1	1
986	0	0
987	0	0
988	0	0
989	0	0
990	1	1
991	0	0
992	1	1
993	0	0
994	0	0
995	1	1
996	1	1
997	1	1
998	1	1
999	0	0
1000	0	0
1001	1	1
1002	0	0
1003	0	0
1004	0	0
1005	0	0
1006	0	0
1007	0	0
1008	0	0
1009	0	0
1010	0	0
1011	1	1
1012	0	0
1013	0	0
1014	0	0
1015	1	1
1016	1	1
1017	0	0
1018	1	1
1019	1	1
1020	0	0
1021	0	0
1022	0	0
1023	0	0
1024	1	1
1025	0	0
1026	0	0
1027	1	1
1028	0	1
1029	0	0
1030	1	1
1031	1	1
1032	1	1
1033	0	0
1034	0	0
1035	0	0
1036	1	1
1037	0	0
1038	0	0
1039	0	0
1040	1	1
1041	0	0
1042	1	1
1043	0	0
1044	0	0
1045	0	0
1046	1	1
1047	0	1
1048	0	0
1049	1	0
1050	0	0
1051	0	0
1052	0	0
1053	0	0
1054	0	0
1055	0	0
1056	0	0
1057	1	1
1058	1	1
1059	1	1
1060	0	0
1061	0	0
1062	1	0
1063	1	1
1064	0	0
1065	0	0
1066	0	0
1067	1	1
1068	0	1
1069	0	1
1070	1	1
1071	0	1
1072	0	0
1073	1	1
1074	0	1
1075	0	0
1076	0	0
1077	1	1
1078	1	1
1079	1	1
1080	1	1
1081	1	1
1082	0	0
1083	0	0
1084	0	0
1085	0	1
1086	1	1
1087	1	1
1088	1	1
1089	1	1
1090	1	1
1091	1	1
1092	1	1
1093	0	1
1094	0	1
1095	0	0
1096	0	0
1097	0	0
1098	1	1
1099	0	0
1100	1	1
1101	0	0
1102	0	0
1103	0	0
1104	1	1
1105	0	0
1106	0	0
1107	0	0
1108	0	0
1109	0	0
1110	0	1
1111	0	0
1112	0	0
1113	0	0
1114	0	0
1115	0	0
1116	0	0
1117	0	0
1118	0	0
1119	0	0
1120	0	0
1121	0	0
1122	0	0
1123	0	0
1124	0	0
1125	0	0
1126	0	0
1127	0	0
1128	1	1
1129	1	1
1130	1	1
1131	0	0
1132	1	0
1133	1	1
1134	0	0
1135	0	0
1136	0	0
1137	0	0
1138	0	0
1139	0	0
1140	0	0
1141	1	1
1142	1	1
1143	0	0
1144	1	1
1145	1	1
1146	0	0
1147	0	0
1148	0	0
1149	1	1
1150	0	0
1151	1	1
1152	1	1
1153	0	0
1154	0	0
1155	0	0
1156	0	0
1157	1	1
1158	0	0
1159	0	0
1160	0	0
1161	1	1
1162	0	0
1163	0	0
1164	1	1
1165	0	0
1166	0	0
1167	1	1
1168	0	0
1169	0	0
1170	0	0
1171	0	0
1172	0	0
1173	0	0
1174	0	0
1175	0	0
1176	0	0
1177	1	1
1178	0	0
1179	0	1
1180	0	0
1181	1	1
1182	0	0
1183	0	1
1184	0	0
1185	1	1
1186	1	1
1187	0	0
1188	0	0
1189	0	0
1190	1	1
1191	1	1
1192	1	1
1193	0	0
1194	0	1
1195	0	0
1196	0	0
1197	0	0
1198	1	1
1199	1	1
1200	0	0
1201	0	0
1202	0	0
1203	1	1
1204	0	0
1205	0	0
1206	1	1
1207	0	0
1208	0	0
1209	0	0
1210	0	0
1211	1	1
1212	1	1
1213	1	1
1214	0	0
1215	0	0
1216	0	0
1217	0	0
1218	0	0
1219	0	0
1220	1	1
1221	1	1
1222	0	0
1223	0	1
1224	1	1
1225	1	1
1226	0	0
1227	1	1
1228	1	0
1229	0	0
1230	1	1
1231	0	0
1232	0	0
1233	0	0
1234	1	1
1235	0	0
1236	1	1
1237	0	0
1238	0	0
1239	0	0
1240	0	0
1241	0	0
1242	1	1
1243	0	0
1244	0	0
1245	0	0
1246	0	0
1247	1	1
1248	0	0
1249	0	0
1250	0	0
1251	0	0
1252	1	1
1253	0	0
1254	0	0
1255	0	0
1256	0	0
1257	1	1
1258	0	0
1259	1	1
1260	0	0
1261	0	0
1262	0	0
1263	1	1
1264	1	1
1265	0	0
1266	0	0
1267	0	0
1268	0	0
1269	1	1
1270	1	1
1271	0	0
1272	1	1
1273	0	0
1274	0	0
1275	0	0
1276	0	0
1277	1	1
1278	0	0
1279	0	0
1280	0	0
1281	0	0
1282	0	0
1283	1	1
1284	0	0
1285	1	1
1286	0	0
1287	0	0
1288	0	0
1289	0	0
1290	1	1
1291	1	1
1292	0	0
1293	0	0
1294	1	1
1295	1	0
1296	1	1
1297	1	1
1298	0	0
1299	1	0
1300	0	0
1301	0	0
1302	1	1
1303	0	0
1304	1	1
1305	1	1
1306	0	0
1307	0	0
1308	1	1
1309	1	1
1310	0	0
1311	0	0
1312	0	0
1313	0	0
1314	0	0
1315	0	0
1316	1	1
1317	0	0
1318	1	1
1319	0	0
1320	1	1
1321	1	1
1322	0	0
1323	1	1
1324	1	1
1325	0	0
1326	1	1
1327	0	0
1328	0	0
1329	0	0
1330	0	0
1331	0	0
1332	0	0
1333	0	0
1334	0	0
1335	1	1
1336	1	1
1337	0	0
1338	0	1
1339	0	0
1340	0	0
1341	0	0
1342	0	0
1343	0	0
1344	0	0
1345	1	1
1346	0	0
1347	0	0
1348	1	1
1349	1	1
1350	1	1
1351	1	1
1352	0	0
1353	0	0
1354	1	1
1355	0	0
1356	0	0
1357	0	0
1358	0	0
1359	0	0
1360	0	0
1361	0	0
1362	1	0
1363	0	0
1364	1	1
1365	0	0
1366	1	1
1367	0	0
1368	0	0
1369	0	0
1370	0	1
1371	1	1
1372	0	0
1373	0	0
1374	0	0
1375	0	0
1376	0	0
1377	1	1
1378	0	0
1379	1	1
1380	0	1
1381	1	1
1382	0	0
1383	0	0
1384	0	0
1385	0	0
1386	0	0
1387	0	0
1388	1	1
1389	0	0
1390	1	1
1391	0	0
1392	0	0
1393	1	1
1394	0	0
1395	0	0
1396	0	0
1397	0	1
1398	0	0
1399	0	0
1400	0	0
1401	1	1
1402	0	0
1403	0	0
1404	0	1
1405	1	1
1406	1	1
1407	1	1
1408	0	1
1409	0	0
1410	0	0
1411	0	0
1412	0	0
1413	0	0
1414	1	1
1415	1	1
1416	0	0
1417	0	0
1418	0	1
1419	0	0
1420	0	0
1421	0	0
1422	1	1
1423	0	1
1424	1	1
1425	0	1
1426	0	0
1427	0	0
1428	0	0
1429	0	0
1430	0	0
1431	0	0
1432	0	0
1433	0	1
1434	0	0
1435	0	0
1436	1	1
1437	0	0
1438	0	0
1439	0	0
1440	0	0
1441	0	0
1442	1	1
1443	1	1
1444	0	0
1445	1	1
1446	0	0
1447	1	1
1448	0	0
1449	0	0
1450	0	0
1451	0	0
1452	1	1
1453	1	0
1454	1	1
1455	0	0
1456	0	0
1457	1	1
1458	0	0
1459	1	1
1460	0	0
1461	1	1
1462	0	0
1463	1	1
1464	1	1
1465	0	0
1466	1	1
1467	0	0
1468	0	0
1469	1	1
1470	1	0
1471	1	1
1472	1	1
1473	0	0
1474	0	0
1475	0	0
1476	1	1
1477	1	1
1478	0	1
1479	1	1
1480	1	1
1481	0	0
1482	0	0
1483	0	0
1484	1	1
1485	1	1
1486	0	0
1487	0	0
1488	0	0
1489	0	0
1490	1	1
1491	0	1
1492	1	1
1493	1	1
1494	0	0
1495	0	0
1496	0	0
1497	0	0
1498	1	1
1499	1	1
1500	0	1
1501	1	1
1502	0	0
1503	0	0
1504	0	0
1505	1	1
1506	0	0
1507	0	0
1508	0	0
1509	1	1
1510	0	0
1511	0	0
1512	1	1
1513	0	0
1514	0	0
1515	0	0
1516	0	0
1517	0	0
1518	0	0
1519	0	0
1520	0	0
1521	1	1
1522	0	0
1523	0	0
1524	0	0
1525	1	1
1526	0	0
1527	0	0
1528	0	0
1529	0	0
1530	0	0
1531	0	0
1532	0	1
1533	1	1
1534	1	1
1535	1	1
1536	1	1
1537	1	1
1538	1	1
1539	0	0
1540	0	0
1541	0	0
1542	1	1
1543	1	1
1544	0	0
1545	0	0
1546	0	0
1547	1	1
1548	0	0
1549	0	0
1550	0	0
1551	0	0
1552	0	0
1553	0	0
1554	1	1
1555	0	0
1556	0	0
1557	1	1
1558	0	0
1559	0	0
1560	1	1
1561	1	1
1562	0	0
1563	0	0
1564	1	1
1565	0	0
1566	0	0
1567	0	0
1568	1	1
1569	1	1
1570	0	0
1571	0	1
1572	1	0
1573	0	0
1574	1	1
1575	0	0
1576	1	1
1577	1	1
1578	1	1
1579	0	0
1580	0	0
1581	0	0
1582	0	0
1583	0	1
1584	0	0
1585	0	0
1586	0	1
1587	0	0
1588	0	0
1589	0	0
1590	1	1
1591	1	1
1592	0	0
1593	1	1
1594	0	0
1595	0	1
1596	1	1
1597	0	0
1598	0	0
1599	0	0
1600	0	0
1601	0	0
1602	0	0
1603	0	0
1604	0	0
1605	1	1
1606	0	0
1607	1	1
1608	0	0
1609	0	0
1610	1	1
1611	0	0
1612	1	1
1613	0	0
1614	0	0
1615	1	1
1616	0	0
1617	1	1
1618	0	0
1619	0	0
1620	0	0
1621	0	0
1622	0	0
1623	0	0
1624	0	1
1625	1	1
1626	0	0
1627	0	0
1628	0	0
1629	0	0
1630	0	0
1631	0	0
1632	0	0
1633	0	0
1634	0	0
1635	1	1
1636	1	1
1637	1	1
1638	0	0
1639	1	1
1640	0	0
1641	0	0
1642	0	0
1643	0	0
1644	0	0
1645	1	0
1646	0	0
1647	1	1
1648	1	1
1649	1	1
1650	0	0
1651	0	0
1652	1	1
1653	0	0
1654	0	0
1655	1	1
1656	1	1
1657	0	0
1658	0	0
1659	1	1
1660	0	0
1661	0	0
1662	0	0
1663	0	0
1664	1	0
1665	0	0
1666	0	0
1667	0	0
1668	0	0
1669	0	0
1670	0	0
1671	0	0
1672	0	0
1673	0	0
1674	1	0
1675	0	0
1676	0	0
1677	0	0
1678	0	0
1679	0	0
1680	1	1
1681	1	1
1682	1	1
1683	0	0
1684	0	0
1685	0	0
1686	0	0
1687	1	1
1688	0	0
1689	0	0
1690	0	0
1691	0	0
1692	0	0
1693	0	0
1694	0	0
1695	0	0
1696	1	1
1697	0	0
1698	1	1
1699	1	1
1700	0	0
1701	1	1
1702	1	1
1703	1	1
1704	0	0
1705	1	1
1706	1	1
1707	0	0
1708	0	1
1709	0	0
1710	1	1
1711	1	1
1712	0	0
1713	0	0
1714	0	0
1715	1	1
1716	1	1
1717	0	0
1718	0	0
1719	0	0
1720	0	0
1721	0	0
1722	0	0
1723	0	0
1724	0	0
1725	0	0
1726	0	0
1727	1	1
1728	0	0
1729	1	1
1730	1	1
1731	0	0
1732	0	0
1733	1	1
1734	0	0
1735	0	0
1736	0	0
1737	0	0
1738	1	1
1739	0	0
1740	0	0
1741	0	0
1742	0	0
1743	1	1
1744	1	1
1745	0	0
1746	0	0
1747	1	1
1748	1	1
1749	1	1
1750	0	0
1751	0	0
1752	1	1
1753	0	0
1754	0	0
1755	0	0
1756	0	0
1757	0	0
1758	0	0
1759	1	1
1760	0	0
1761	0	0
1762	1	1
1763	0	0
1764	1	1
1765	1	1
1766	1	1
1767	0	0
1768	1	1
1769	0	0
1770	0	0
1771	0	0
1772	0	0
1773	0	0
1774	0	0
1775	1	1
1776	0	0
1777	0	0
1778	0	1
1779	0	0
1780	0	0
1781	0	0
1782	0	0
1783	1	1
1784	0	0
1785	0	0
1786	0	0
1787	0	0
1788	1	1
1789	0	0
1790	1	1
1791	0	0
1792	1	1
1793	0	0
1794	0	0
1795	0	0
1796	0	0
1797	1	1
1798	1	1
1799	0	0
1800	1	1
1801	1	0
1802	1	1
1803	1	1
1804	0	0
1805	0	0
1806	0	0
1807	0	0
1808	0	0
1809	0	0
1810	0	0
1811	1	1
1812	0	0
1813	0	0
1814	0	1
1815	0	0
1816	0	0
1817	0	0
1818	0	0
1819	1	1
1820	0	0
1821	0	0
1822	1	1
1823	1	1
1824	0	1
1825	1	1
1826	0	0
1827	1	1
1828	1	1
1829	0	0
1830	0	0
1831	1	0
1832	1	1
1833	0	0
1834	0	0
1835	0	0
1836	1	1
1837	0	0
1838	0	0
1839	0	0
1840	0	0
1841	1	1
1842	1	1
1843	0	0
1844	1	1
1845	1	1
1846	1	1
1847	0	0
1848	0	0
1849	0	0
1850	0	0
1851	0	0
1852	0	0
1853	0	0
1854	0	0
1855	0	0
1856	0	0
1857	0	0
1858	1	1
1859	1	1
1860	1	1
1861	0	0
1862	0	0
1863	1	1
1864	1	1
1865	0	0
1866	1	1
1867	0	0
1868	0	0
1869	1	1
1870	0	0
1871	1	1
1872	0	0
1873	1	1
1874	1	1
1875	0	0
1876	1	1
1877	0	0
1878	0	0
1879	1	1
1880	0	0
1881	0	0
1882	1	1
1883	0	0
1884	1	1
1885	0	0
1886	0	0
1887	1	1
1888	0	0
1889	0	0
1890	0	0
1891	1	1
1892	1	1
1893	0	0
1894	0	0
1895	0	0
1896	0	0
1897	0	0
1898	0	0
1899	0	0
1900	0	0
1901	0	0
1902	1	1
1903	0	0
1904	1	1
1905	1	1
1906	0	0
1907	0	0
1908	1	1
1909	1	1
1910	1	1
1911	0	0
1912	1	1
1913	1	1
1914	0	0
1915	1	1
1916	0	1
1917	0	0
1918	1	1
1919	0	0
1920	0	0
1921	1	1
1922	0	0
1923	1	1
1924	0	0
1925	1	1
1926	0	0
1927	1	0
1928	0	0
1929	0	0
1930	1	1
1931	0	0
1932	0	0
1933	0	1
1934	0	0
1935	0	0
1936	0	0
1937	0	0
1938	0	0
1939	0	0
1940	0	0
1941	1	1
1942	0	0
1943	1	1
1944	0	0
1945	0	0
1946	0	0
1947	1	1
1948	1	1
1949	0	0
1950	0	0
1951	1	1
1952	1	1
1953	0	0
1954	0	0
1955	0	0
1956	0	0
1957	1	1
1958	0	0
1959	1	1
1960	1	1
1961	0	0
1962	0	0
1963	1	1
1964	1	1
1965	0	0
1966	0	0
1967	0	0
1968	0	0
1969	0	0
1970	0	1
1971	0	0
1972	1	1
1973	0	0
1974	1	1
1975	0	0
1976	0	0
1977	0	0
1978	0	0
1979	0	1
1980	1	1
1981	1	1
1982	1	1
1983	0	0
1984	0	0
1985	0	0
1986	0	0
1987	1	1
1988	1	0
1989	0	0
1990	0	0
1991	0	0
1992	1	1
1993	1	1
1994	1	1
1995	0	0
1996	0	0
1997	1	1
1998	0	0
1999	0	0
2000	0	0
2001	0	0
2002	0	0
2003	0	0
2004	0	0
2005	0	0
2006	0	0
2007	0	1
2008	0	0
2009	0	0
2010	1	1
2011	1	1
2012	1	1
2013	0	0
2014	0	0
2015	0	0
2016	0	0
2017	1	1
2018	0	0
2019	0	0
2020	0	0
2021	0	0
2022	0	0
2023	1	1
2024	0	0
2025	0	0
2026	0	0
2027	1	1
2028	0	0
2029	0	0
2030	1	1
2031	0	0
2032	1	1
2033	0	0
2034	0	0
2035	0	0
2036	0	0
2037	1	1
2038	0	0
2039	0	0
2040	0	0
2041	0	0
2042	0	0
2043	0	1
2044	0	0
2045	1	1
2046	1	1
2047	0	0
2048	1	1
2049	0	0
2050	0	0
2051	0	0
2052	0	0
2053	0	0
2054	0	0
2055	0	0
2056	1	1
2057	0	0
2058	0	0
2059	1	1
2060	0	0
2061	1	1
2062	0	0
2063	1	1
2064	1	1
2065	0	0
2066	0	0
2067	0	0
2068	1	1
2069	0	0
2070	0	0
2071	1	1
2072	1	1
2073	0	0
2074	0	0
2075	0	0
2076	0	0
2077	0	0
2078	1	1
2079	0	0
2080	0	0
2081	0	0
2082	0	0
2083	1	1
2084	0	1
2085	0	0
2086	1	1
2087	0	0
2088	0	1
2089	0	0
2090	0	0
2091	0	0
2092	1	1
2093	0	0
2094	0	0
2095	0	0
2096	1	1
2097	0	1
2098	0	0
2099	1	1
2100	0	0
2101	0	0
2102	1	1
2103	0	0
2104	1	1
2105	0	0
2106	0	0
2107	0	0
2108	0	0
2109	0	0
2110	1	1
2111	0	1
2112	0	0
2113	1	1
2114	0	0
2115	0	0
2116	1	1
2117	0	0
2118	0	0
2119	0	0
2120	1	0
2121	1	1
2122	0	0
2123	0	0
2124	0	0
2125	1	1
2126	1	1
2127	0	0
2128	0	0
2129	0	0
2130	0	0
2131	0	0
2132	0	0
2133	1	1
2134	0	0
2135	1	1
2136	0	0
2137	0	0
2138	1	1
2139	0	0
2140	0	0
2141	0	0
2142	1	1
2143	0	0
2144	0	0
2145	0	0
2146	1	1
2147	0	0
2148	0	0
2149	0	1
2150	1	1
2151	0	0
2152	1	1
2153	1	1
2154	0	0
2155	0	0
2156	1	1
2157	0	0
2158	1	1
2159	0	0
2160	0	0
2161	0	0
2162	0	0
2163	0	0
2164	1	1
2165	0	0
2166	1	1
2167	1	1
2168	0	0
2169	1	1
2170	1	1
2171	1	1
2172	0	0
2173	0	0
2174	1	1
2175	0	0
2176	0	0
2177	1	1
2178	0	0
2179	1	1
2180	0	0
2181	0	0
2182	1	1
2183	0	1
2184	0	1
2185	0	0
2186	0	0
2187	0	0
2188	1	1
2189	0	0
2190	0	0
2191	0	0
2192	0	0
2193	0	0
2194	1	1
2195	0	0
2196	0	0
2197	1	1
2198	1	1
2199	0	0
2200	1	1
2201	1	1
2202	0	0
2203	0	0
2204	0	0
2205	0	0
2206	0	1
2207	0	0
2208	0	0
2209	1	1
2210	0	0
2211	0	0
2212	1	1
2213	0	0
2214	0	0
2215	1	1
2216	0	0
2217	0	0
2218	0	0
2219	1	1
2220	0	0
2221	0	0
2222	1	1
2223	1	1
2224	0	0
2225	0	0
2226	0	1
2227	0	0
2228	0	0
2229	1	1
2230	0	0
2231	1	1
2232	0	0
2233	1	1
2234	1	1
2235	0	0
2236	1	1
2237	0	0
2238	0	0
2239	1	1
2240	1	1
2241	0	0
2242	0	0
2243	0	0
2244	1	1
2245	0	0
2246	0	0
2247	0	0
2248	0	0
2249	0	0
2250	0	0
2251	0	0
2252	1	1
2253	0	0
2254	0	0
2255	0	0
2256	0	0
2257	0	0
2258	0	1
2259	0	0
2260	1	1
2261	0	1
2262	1	1
2263	0	0
2264	0	0
2265	0	0
2266	1	1
2267	0	0
2268	0	0
2269	1	1
2270	0	0
2271	0	0
2272	0	0
2273	1	1
2274	0	0
2275	0	0
2276	0	0
2277	1	1
2278	0	1
2279	1	1
2280	0	0
2281	0	0
2282	0	1
2283	0	0
2284	0	0
2285	0	0
2286	1	1
2287	1	1
2288	0	0
2289	1	1
2290	0	1
2291	0	0
2292	0	0
2293	1	1
2294	0	0
2295	1	1
2296	1	1
2297	1	1
2298	0	0
2299	0	0
2300	0	0
2301	0	0
2302	1	1
2303	0	0
2304	1	1
2305	0	0
2306	0	0
2307	0	0
2308	0	0
2309	0	0
2310	0	0
2311	0	0
2312	1	1
2313	0	0
2314	0	0
2315	1	1
2316	1	1
2317	0	0
2318	0	0
2319	1	0
2320	0	0
2321	0	0
2322	0	0
2323	0	0
2324	0	0
2325	0	0
2326	0	0
2327	1	1
2328	0	1
2329	0	0
2330	0	0
2331	1	1
2332	0	0
2333	0	0
2334	0	0
2335	0	0
2336	0	0
2337	0	0
2338	1	1
2339	0	1
2340	0	0
2341	0	0
2342	0	0
2343	0	0
2344	1	1
2345	0	0
2346	0	0
2347	1	1
2348	0	0
2349	0	0
2350	0	0
2351	1	1
2352	0	0
2353	0	0
2354	1	1
2355	0	0
2356	0	0
2357	0	0
2358	0	0
2359	1	1
2360	1	1
2361	0	0
2362	1	1
2363	0	0
2364	1	1
2365	1	1
2366	0	0
2367	1	0
2368	0	0
2369	0	0
2370	0	0
2371	0	0
2372	1	1
2373	1	1
2374	1	1
2375	0	0
2376	0	0
2377	1	1
2378	0	0
2379	0	0
2380	1	1
2381	1	1
2382	0	0
2383	0	0
2384	0	0
2385	1	1
2386	1	1
2387	1	1
2388	0	0
2389	0	0
2390	0	0
2391	0	0
2392	1	0
2393	0	0
2394	0	0
2395	0	0
2396	0	0
2397	1	1
2398	0	1
2399	0	0
2400	1	1
2401	1	1
2402	0	0
2403	1	1
2404	0	0
2405	1	1
2406	0	0
2407	0	0
2408	0	0
2409	1	1
2410	0	0
2411	1	1
2412	0	0
2413	0	0
2414	1	1
2415	0	0
2416	1	1
2417	0	0
2418	1	0
2419	0	0
2420	1	1
2421	1	1
2422	1	1
2423	0	1
2424	0	0
2425	0	0
2426	1	0
2427	0	1
2428	1	1
2429	1	1
2430	1	1
2431	0	0
2432	1	1
2433	1	1
2434	0	0
2435	0	0
2436	1	1
2437	1	1
2438	0	0
2439	0	0
2440	1	1
2441	0	0
2442	0	0
2443	1	1
2444	1	1
2445	0	0
2446	0	0
2447	0	0
2448	0	0
2449	1	1
2450	0	0
2451	0	0
2452	0	0
2453	0	1
2454	0	0
2455	0	0
2456	1	1
2457	1	1
2458	0	0
2459	0	0
2460	1	1
2461	1	0
2462	0	0
2463	1	1
2464	0	1
2465	0	0
2466	1	1
2467	0	0
2468	0	0
2469	0	0
2470	0	0
2471	1	1
2472	0	0
2473	1	1
2474	0	0
2475	1	1
2476	0	0
2477	0	0
2478	0	0
2479	0	0
2480	0	0
2481	0	0
2482	1	1
2483	0	1
2484	1	1
2485	0	0
2486	0	0
2487	0	0
2488	1	1
2489	1	0
2490	0	0
2491	0	0
2492	0	0
2493	1	1
2494	1	1
2495	0	0
2496	0	0
2497	0	0
2498	1	1
2499	1	1
2500	0	0
2501	0	0
2502	0	0
2503	0	0
2504	1	1
2505	1	1
2506	1	1
2507	0	0
2508	0	0
2509	1	1
2510	0	0
2511	1	1
2512	0	0
2513	1	1
2514	1	1
2515	0	0
2516	0	0
2517	1	1
2518	1	1
2519	0	0
2520	0	0
2521	0	0
2522	0	0
2523	0	0
2524	1	1
2525	0	0
2526	1	1
2527	0	0
2528	0	0
2529	0	0
2530	0	0
2531	0	0
2532	0	0
2533	0	0
2534	0	0
2535	0	0
2536	0	0
2537	1	1
2538	0	0
2539	0	0
2540	0	0
2541	0	0
2542	0	0
2543	0	0
2544	0	0
2545	0	0
2546	1	1
2547	0	0
2548	1	0
2549	0	0
2550	1	1
2551	0	0
2552	1	1
2553	0	0
2554	1	1
2555	1	1
2556	1	1
2557	0	0
2558	0	0
2559	0	0
2560	1	1
2561	0	0
2562	1	1
2563	0	0
2564	1	1
2565	0	1
2566	0	0
2567	0	0
2568	0	0
2569	1	1
2570	1	1
2571	0	0
2572	0	0
2573	0	0
2574	0	0
2575	0	0
2576	1	1
2577	0	0
2578	0	0
2579	1	1
2580	0	0
2581	1	1
2582	0	1
2583	1	1
2584	0	0
2585	0	0
2586	1	1
2587	0	0
2588	0	0
2589	1	1
2590	1	1
2591	0	0
2592	0	0
2593	0	0
2594	1	1
2595	0	0
2596	1	1
2597	1	1
2598	0	0
2599	0	0
2600	0	0
2601	1	1
2602	1	1
2603	0	0
2604	0	0
2605	0	0
2606	0	0
2607	0	0
2608	1	1
2609	1	1
2610	0	0
2611	1	1
2612	1	1
2613	0	0
2614	0	0
2615	0	0
2616	0	0
2617	0	0
2618	1	1
2619	1	1
2620	1	0
2621	1	1
2622	0	0
2623	0	0
2624	0	0
2625	0	0
2626	1	1
2627	1	1
2628	0	0
2629	0	0
2630	1	1
2631	0	1
2632	1	1
2633	1	1
2634	0	0
2635	1	0
2636	0	0
2637	0	0
2638	0	0
2639	1	1
2640	0	0
2641	0	0
2642	1	1
2643	0	0
2644	0	0
2645	0	0
2646	0	0
2647	1	1
2648	0	0
2649	0	0
2650	0	0
2651	1	1
2652	1	1
2653	0	0
2654	1	1
2655	0	0
2656	0	0
2657	0	0
2658	0	0
2659	1	1
2660	0	1
2661	0	1
2662	1	1
2663	1	1
2664	0	0
2665	1	1
2666	0	0
2667	1	1
2668	0	0
2669	1	1
2670	0	0
2671	0	0
2672	1	1
2673	0	0
2674	0	0
2675	0	0
2676	0	0
2677	0	0
2678	0	1
2679	0	0
2680	0	0
2681	1	1
2682	0	0
2683	0	0
2684	1	1
2685	0	0
2686	0	0
2687	0	1
2688	0	0
2689	0	0
2690	0	0
2691	1	1
2692	0	0
2693	0	0
2694	0	0
2695	1	1
2696	1	1
2697	0	0
2698	0	0
2699	0	0
2700	0	1
2701	0	0
2702	0	0
2703	1	1
2704	1	1
2705	1	1
2706	0	0
2707	1	1
2708	0	0
2709	1	1
2710	1	1
2711	1	1
2712	0	0
2713	0	0
2714	0	0
2715	1	1
2716	0	0
2717	0	0
2718	1	1
2719	0	0
2720	0	0
2721	0	0
2722	1	1
2723	0	0
2724	0	0
2725	0	0
2726	0	1
2727	0	0
2728	0	0
2729	1	1
2730	0	0
2731	0	0
2732	0	0
2733	0	0
2734	0	0
2735	0	0
2736	0	0
2737	1	1
2738	0	0
2739	1	1
2740	0	0
2741	1	1
2742	1	1
2743	1	1
2744	1	1
2745	0	0
2746	0	0
2747	0	0
2748	0	1
2749	0	0
2750	0	0
2751	1	1
2752	0	0
2753	0	0
2754	0	0
2755	0	0
2756	1	1
2757	0	0
2758	0	0
2759	1	1
2760	1	0
2761	0	0
2762	0	0
2763	0	0
2764	0	0
2765	1	1
2766	0	0
2767	1	1
2768	0	0
2769	0	0
2770	0	0
2771	1	0
2772	0	0
2773	0	0
2774	1	1
2775	1	1
2776	0	0
2777	0	0
2778	0	0
2779	1	1
2780	0	0
2781	1	1
2782	0	0
2783	0	0
2784	0	0
2785	1	1
2786	1	1
2787	1	0
2788	0	0
2789	0	0
2790	0	0
2791	0	0
2792	0	0
2793	0	0
2794	0	0
2795	1	1
2796	1	1
2797	1	1
2798	1	0
2799	0	0
2800	0	0
2801	1	0
2802	0	0
2803	0	0
2804	0	0
2805	1	0
2806	1	1
2807	0	0
2808	0	0
2809	1	1
2810	0	0
2811	0	0
2812	1	0
2813	0	0
2814	0	0
2815	0	0
2816	0	1
2817	1	1
2818	0	0
2819	0	0
2820	0	0
2821	0	0
2822	0	0
2823	0	0
2824	0	0
2825	0	0
2826	0	0
2827	1	1
2828	0	0
2829	0	0
2830	0	0
2831	0	0
2832	0	0
2833	1	1
2834	0	0
2835	0	0
2836	0	0
2837	0	1
2838	0	0
2839	0	0
2840	0	1
2841	0	0
2842	0	0
2843	1	0
2844	1	1
2845	0	0
2846	0	1
2847	1	1
2848	0	0
2849	0	0
2850	1	1
2851	1	1
2852	0	0
2853	1	1
2854	0	0
2855	1	1
2856	0	0
2857	1	0
2858	1	1
2859	0	1
2860	0	0
2861	1	1
2862	0	0
2863	0	0
2864	0	0
2865	1	1
2866	0	0
2867	0	0
2868	1	1
2869	0	0
2870	0	0
2871	0	0
2872	0	0
2873	0	0
2874	0	0
2875	0	0
2876	0	0
2877	0	0
2878	0	0
2879	0	0
2880	1	1
2881	1	1
2882	0	0
2883	0	0
2884	1	1
2885	0	0
2886	0	0
2887	1	1
2888	0	0
2889	0	0
2890	1	1
2891	1	1
2892	0	0
2893	0	0
2894	0	0
2895	0	0
2896	0	0
2897	1	1
2898	1	1
2899	0	0
2900	1	1
2901	0	0
2902	0	0
2903	0	0
2904	1	1
2905	0	0
2906	0	0
2907	0	0
2908	0	0
2909	0	0
2910	1	1
2911	1	1
2912	1	0
2913	0	0
2914	1	1
2915	1	1
2916	0	0
2917	1	1
2918	0	0
2919	1	1
2920	1	1
2921	1	1
2922	0	0
2923	0	0
2924	0	0
2925	0	0
2926	0	0
2927	0	0
2928	1	1
2929	0	0
2930	0	0
2931	0	0
2932	1	1
2933	0	0
2934	0	0
2935	1	1
2936	0	0
2937	0	0
2938	1	1
2939	0	0
2940	0	0
2941	0	0
2942	0	0
2943	0	0
2944	0	0
2945	0	0
2946	1	0
2947	0	0
2948	1	1
2949	1	1
2950	0	0
2951	0	0
2952	1	1
2953	0	0
2954	0	0
2955	1	1
2956	0	0
2957	0	0
2958	0	0
2959	1	1
2960	0	0
2961	0	0
2962	1	1
2963	1	1
2964	0	0
2965	0	0
2966	0	0
2967	0	0
2968	0	0
2969	0	0
2970	1	1
2971	0	0
2972	0	0
2973	1	1
2974	0	1
2975	0	0
2976	1	1
2977	0	0
2978	1	1
2979	0	0
2980	1	1
2981	1	1
2982	0	1
2983	1	1
2984	1	1
2985	1	1
2986	0	0
2987	1	1
2988	0	0
2989	1	1
2990	0	0
2991	1	1
2992	0	0
2993	0	0
2994	1	1
2995	1	1
2996	1	1
2997	0	0
2998	0	0
2999	1	1
3000	0	0
3001	0	0
3002	1	1
3003	0	0
3004	0	0
3005	0	0
3006	0	0
3007	0	0
3008	0	0
3009	0	0
3010	0	1
3011	0	0
3012	0	1
3013	0	0
3014	1	1
3015	0	1
3016	0	0
3017	0	0
3018	1	1
3019	1	1
3020	1	0
3021	0	0
3022	0	0
3023	0	0
3024	0	0
3025	0	0
3026	0	0
3027	0	0
3028	0	0
3029	1	1
3030	0	1
3031	0	0
3032	0	0
3033	0	0
3034	1	1
3035	0	0
3036	0	0
3037	1	1
3038	0	1
3039	0	0
3040	0	0
3041	1	1
3042	0	0
3043	0	0
3044	0	1
3045	0	0
3046	0	0
3047	1	1
3048	0	0
3049	1	1
3050	0	1
3051	0	0
3052	1	1
3053	0	0
3054	0	0
3055	1	1
3056	1	1
3057	0	0
3058	1	1
3059	0	0
3060	0	0
3061	0	0
3062	0	0
3063	0	0
3064	0	0
3065	1	1
3066	0	0
3067	1	1
3068	1	1
3069	0	0
3070	0	0
3071	0	0
3072	1	1
3073	0	0
3074	0	0
3075	0	0
3076	0	0
3077	0	0
3078	0	0
3079	1	1
3080	0	0
3081	0	0
3082	0	0
3083	1	1
3084	1	1
3085	0	0
3086	0	0
3087	0	0
3088	1	1
3089	1	0
3090	0	0
3091	0	1
3092	0	0
3093	0	0
3094	0	0
3095	0	0
3096	0	0
3097	0	0
3098	0	1
3099	1	1
3100	1	1
3101	0	0
3102	0	0
3103	1	1
3104	0	1
3105	0	0
3106	0	0
3107	0	0
3108	1	1
3109	0	0
3110	0	0
3111	0	0
3112	0	0
3113	0	0
3114	0	0
3115	1	1
3116	0	0
3117	0	0
3118	0	0
3119	0	0
3120	1	1
3121	1	1
3122	1	1
3123	1	1
3124	0	0
3125	0	0
3126	0	0
3127	0	0
3128	0	0
3129	0	0
3130	1	1
3131	0	0
3132	1	1
3133	1	1
3134	1	1
3135	0	0
3136	0	0
3137	1	1
3138	0	0
3139	0	0
3140	0	0
3141	0	0
3142	0	0
3143	0	0
3144	0	0
3145	1	1
3146	0	0
3147	1	1
3148	0	0
3149	0	0
3150	0	1
3151	0	0
3152	0	0
3153	0	0
3154	1	1
3155	0	0
3156	0	0
3157	0	0
3158	0	0
3159	1	1
3160	0	0
3161	1	1
3162	1	1
3163	0	0
3164	1	1
3165	0	0
3166	0	0
3167	0	0
3168	1	1
3169	0	0
3170	1	1
3171	0	0
3172	0	0
3173	1	1
3174	1	1
3175	0	0
3176	0	0
3177	1	1
3178	1	1
3179	0	0
3180	0	0
3181	1	1
3182	1	1
3183	0	0
3184	1	1
3185	0	0
3186	0	0
3187	1	1
3188	0	0
3189	0	0
3190	0	0
3191	1	1
3192	0	0
3193	0	0
3194	0	0
3195	0	0
3196	0	0
3197	0	0
3198	0	0
3199	1	0
3200	0	0
3201	1	1
3202	1	1
3203	0	0
3204	1	1
3205	0	0
3206	0	0
3207	1	1
3208	0	0
3209	1	1
3210	0	0
3211	0	0
3212	0	1
3213	0	0
3214	0	0
3215	1	1
3216	1	0
3217	0	0
3218	1	1
3219	0	0
3220	0	0
3221	0	1
3222	0	0
3223	0	0
3224	0	0
3225	0	0
3226	1	1
3227	0	0
3228	1	1
3229	0	0
3230	0	0
3231	1	1
3232	1	1
3233	1	1
3234	0	0
3235	1	1
3236	0	0
3237	0	0
3238	1	1
3239	0	0
3240	0	0
3241	0	0
3242	0	0
3243	0	0
3244	1	0
3245	0	0
3246	0	0
3247	0	0
3248	0	1
3249	1	1
3250	0	0
3251	1	1
3252	0	0
3253	0	0
3254	0	0
3255	0	0
3256	0	0
3257	0	0
3258	0	0
3259	1	1
3260	1	1
3261	0	0
3262	0	0
3263	0	1
3264	0	0
3265	0	0
3266	1	1
3267	0	0
3268	0	0
3269	0	0
3270	0	0
3271	1	1
3272	0	0
3273	0	0
3274	0	1
3275	1	1
3276	1	1
3277	1	1
3278	0	0
3279	1	1
3280	0	0
3281	0	0
3282	0	0
3283	1	1
3284	0	0
3285	0	0
3286	0	0
3287	0	0
3288	0	0
3289	1	1
3290	0	0
3291	1	1
3292	0	0
3293	0	1
3294	0	0
3295	1	1
3296	0	0
3297	0	0
3298	0	0
3299	0	0
3300	0	0
3301	0	0
3302	1	1
3303	1	1
3304	0	0
3305	0	0
3306	1	1
3307	1	1
3308	1	1
3309	0	0
3310	0	0
3311	0	0
3312	0	1
3313	1	1
3314	0	0
3315	1	1
3316	0	0
3317	0	0
3318	0	0
3319	1	1
3320	0	0
3321	0	0
3322	0	0
3323	0	0
3324	0	1
3325	0	0
3326	1	1
3327	0	0
3328	0	0
3329	0	0
3330	0	0
3331	0	0
3332	1	1
3333	0	0
3334	0	0
3335	1	1
3336	1	1
3337	0	0
3338	0	0
3339	0	0
3340	0	0
3341	0	0
3342	0	0
3343	0	0
3344	1	1
3345	0	0
3346	0	0
3347	1	1
3348	0	0
3349	0	0
3350	0	0
3351	1	1
3352	0	0
3353	0	0
3354	1	1
3355	1	1
3356	1	1
3357	0	0
3358	1	1
3359	1	1
3360	0	0
3361	0	0
3362	1	0
3363	1	1
3364	0	0
3365	1	1
3366	0	0
3367	0	0
3368	0	0
3369	0	0
3370	0	0
3371	0	0
3372	0	0
3373	0	0
3374	0	0
3375	0	0
3376	0	0
3377	0	0
3378	1	1
3379	0	0
3380	1	1
3381	1	1
3382	0	0
3383	1	1
3384	1	1
3385	0	0
3386	0	0
3387	0	1
3388	0	0
3389	0	0
3390	1	1
3391	0	0
3392	0	0
3393	0	0
3394	0	0
3395	1	1
3396	0	0
3397	0	1
3398	1	1
3399	0	0
3400	0	0
3401	1	0
3402	1	1
3403	0	0
3404	1	1
3405	0	0
3406	1	0
3407	0	0
3408	0	0
3409	0	0
3410	0	0
3411	1	1
3412	0	0
3413	0	0
3414	1	1
3415	0	0
3416	0	0
3417	1	1
3418	0	0
3419	0	0
3420	1	1
3421	1	1
3422	1	1
3423	0	0
3424	0	0
3425	1	1
3426	0	0
3427	1	1
3428	0	0
3429	0	0
3430	0	0
3431	1	1
3432	0	0
3433	0	0
3434	0	0
3435	1	1
3436	1	1
3437	1	1
3438	0	0
3439	0	0
3440	0	0
3441	0	0
3442	0	0
3443	0	0
3444	0	0
3445	1	1
3446	0	1
3447	0	0
3448	1	1
3449	0	0
3450	1	1
3451	0	0
3452	0	0
3453	0	0
3454	1	1
3455	0	0
3456	1	0
3457	0	0
3458	1	1
3459	1	1
3460	0	0
3461	0	0
3462	0	0
3463	0	0
3464	0	0
3465	1	1
3466	0	0
3467	0	0
3468	1	1
3469	0	0
3470	1	1
3471	1	1
3472	0	0
3473	1	0
3474	0	1
3475	1	1
3476	1	1
3477	0	0
3478	0	0
3479	1	1
3480	0	0
3481	1	1
3482	0	0
3483	0	0
3484	0	0
3485	0	0
3486	0	0
3487	0	0
3488	0	0
3489	1	1
3490	1	1
3491	0	1
3492	1	1
3493	0	0
3494	0	0
3495	1	1
3496	0	0
3497	0	0
3498	0	0
3499	0	0
3500	0	1
3501	0	0
3502	0	0
3503	0	0
3504	0	0
3505	1	1
3506	0	0
3507	1	1
3508	0	0
3509	1	1
3510	0	0
3511	0	0
3512	1	1
3513	0	0
3514	1	1
3515	0	0
3516	0	0
3517	1	1
3518	0	0
3519	1	0
3520	1	1
3521	1	1
3522	0	0
3523	0	0
3524	1	1
3525	0	1
3526	0	0
3527	1	1
3528	0	0
3529	0	0
3530	1	1
3531	0	0
3532	0	0
3533	0	0
3534	0	0
3535	0	0
3536	0	0
3537	0	0
3538	1	1
3539	1	0
3540	1	0
3541	1	1
3542	0	0
3543	0	1
3544	0	0
3545	0	0
3546	0	0
3547	1	1
3548	0	0
3549	0	0
3550	1	1
3551	0	0
3552	0	0
3553	0	0
3554	0	0
3555	1	1
3556	0	0
3557	1	1
3558	0	0
3559	0	0
3560	0	0
3561	1	1
3562	0	0
3563	0	0
3564	0	0
3565	0	0
3566	0	0
3567	1	1
3568	0	0
3569	1	1
3570	0	0
3571	1	1
3572	1	0
3573	1	1
3574	1	1
3575	0	0
3576	1	1
3577	0	0
3578	1	1
3579	1	1
3580	1	1
3581	0	0
3582	0	0
3583	1	1
3584	1	1
3585	1	1
3586	0	0
3587	0	1
3588	1	1
3589	0	0
3590	0	0
3591	0	0
3592	0	1
3593	0	0
3594	0	0
3595	1	1
3596	0	0
3597	0	0
3598	0	0
3599	0	0
3600	0	0
3601	0	1
3602	0	0
3603	0	0
3604	0	0
3605	1	1
3606	1	1
3607	0	0
3608	0	1
3609	0	0
3610	1	1
3611	0	0
3612	0	0
3613	0	0
3614	1	1
3615	0	0
3616	1	1
3617	1	1
3618	0	0
3619	0	0
3620	1	1
3621	0	1
3622	1	1
3623	1	1
3624	1	0
3625	0	0
3626	0	0
3627	0	0
3628	0	0
3629	0	0
3630	0	0
3631	0	0
3632	0	0
3633	0	0
3634	0	0
3635	0	0
3636	0	0
3637	0	0
3638	0	0
3639	1	1
3640	0	0
3641	0	1
3642	0	0
3643	0	0
3644	1	1
3645	0	0
3646	0	0
3647	0	0
3648	0	0
3649	1	1
3650	0	0
3651	0	0
3652	0	0
3653	1	1
3654	1	1
3655	0	0
3656	0	0
3657	0	1
3658	0	0
3659	1	1
3660	1	1
3661	1	1
3662	0	0
3663	1	1
3664	1	1
3665	1	1
3666	0	0
3667	0	0
3668	1	1
3669	0	0
3670	0	0
3671	0	0
3672	0	0
3673	0	0
3674	1	1
3675	0	0
3676	0	0
3677	0	0
3678	0	0
3679	1	1
3680	1	1
3681	0	0
3682	0	0
3683	1	1
3684	0	0
3685	0	0
3686	1	1
3687	1	1
3688	1	1
3689	0	0
3690	0	0
3691	0	0
3692	1	1
3693	1	1
3694	0	0
3695	1	1
3696	0	0
3697	0	0
3698	0	0
3699	0	0
3700	1	1
3701	1	1
3702	1	1
3703	0	1
3704	1	1
3705	0	0
3706	0	0
3707	1	1
3708	1	1
3709	1	1
3710	0	0
3711	0	0
3712	1	1
3713	1	1
3714	1	1
3715	0	0
3716	0	0
3717	0	0
3718	0	0
3719	0	0
3720	0	0
3721	0	0
3722	1	1
3723	0	1
3724	1	1
3725	0	0
3726	0	0
3727	0	0
3728	0	1
3729	1	1
3730	0	0
3731	0	0
3732	0	0
3733	0	1
3734	0	0
3735	0	0
3736	0	0
3737	1	1
3738	0	0
3739	1	1
3740	1	1
3741	1	1
3742	0	0
3743	0	0
3744	0	0
3745	0	0
3746	0	0
3747	0	0
3748	0	0
3749	1	0
3750	0	1
3751	0	0
3752	0	0
3753	0	0
3754	0	0
3755	0	0
3756	1	1
3757	1	1
3758	0	0
3759	1	1
3760	0	0
3761	0	0
3762	1	1
3763	0	0
3764	0	0
3765	0	0
3766	1	1
3767	1	1
3768	1	1
3769	1	1
3770	1	1
3771	0	0
3772	0	0
3773	0	0
3774	0	0
3775	0	0
3776	0	1
3777	0	0
3778	0	0
3779	1	0
3780	0	0
3781	0	0
3782	0	0
3783	1	1
3784	1	0
3785	1	1
3786	0	0
3787	0	1
3788	0	0
3789	0	0
3790	1	1
3791	0	0
3792	0	0
3793	0	0
3794	0	0
3795	1	1
3796	1	1
3797	0	1
3798	0	0
3799	0	0
3800	1	1
3801	0	0
3802	1	1
3803	0	0
3804	0	0
3805	0	0
3806	0	0
3807	1	1
3808	1	1
3809	0	0
3810	0	0
3811	1	1
3812	1	0
3813	0	0
3814	0	1
3815	0	0
3816	1	1
3817	0	0
3818	1	1
3819	1	1
3820	1	0
3821	1	1
3822	0	0
3823	0	0
3824	0	0
3825	0	1
3826	1	1
3827	1	1
3828	0	0
3829	0	0
3830	0	0
3831	1	1
3832	1	1
3833	0	0
3834	0	0
3835	1	1
3836	0	0
3837	0	1
3838	1	1
3839	0	0
3840	0	0
3841	0	0
3842	0	0
3843	0	0
3844	1	1
3845	0	1
3846	1	0
3847	1	1
3848	0	0
3849	0	0
3850	1	1
3851	0	0
3852	0	0
3853	1	1
3854	1	1
3855	1	1
3856	1	1
3857	1	1
3858	0	1
3859	0	0
3860	1	1
3861	1	1
3862	0	0
3863	0	0
3864	0	0
3865	1	1
3866	0	0
3867	0	1
3868	0	0
3869	0	0
3870	0	0
3871	0	1
3872	0	0
3873	1	0
3874	0	0
3875	0	0
3876	1	1
3877	0	0
3878	0	0
3879	0	0
3880	1	1
3881	0	0
3882	0	0
3883	1	1
3884	0	0
3885	0	1
3886	0	0
3887	0	1
3888	1	1
3889	0	0
3890	0	0
3891	0	0
3892	0	0
3893	0	0
3894	0	0
3895	0	0
3896	0	0
3897	1	1
3898	0	0
3899	0	0
3900	0	0
3901	1	1
3902	0	0
3903	1	1
3904	1	1
3905	0	1
3906	0	0
3907	0	0
3908	0	0
3909	0	0
3910	0	1
3911	0	0
3912	0	0
3913	0	0
3914	0	0
3915	1	1
3916	0	0
3917	0	0
3918	0	0
3919	0	0
3920	0	0
3921	0	0
3922	0	1
3923	1	0
3924	1	1
3925	0	1
3926	0	1
3927	0	0
3928	0	0
3929	1	1
3930	1	1
3931	1	1
3932	0	0
3933	0	0
3934	0	0
3935	0	0
3936	0	0
3937	0	0
3938	0	0
3939	0	0
3940	1	1
3941	0	0
3942	1	1
3943	0	0
3944	0	0
3945	0	0
3946	0	1
3947	0	0
3948	1	1
3949	0	0
3950	1	1
3951	1	1
3952	0	0
3953	1	1
3954	0	0
3955	0	0
3956	0	0
3957	1	1
3958	0	0
3959	1	1
3960	0	0
3961	0	0
3962	0	0
3963	0	0
3964	0	0
3965	0	0
3966	0	0
3967	1	1
3968	1	1
3969	1	1
3970	0	0
3971	1	1
3972	0	0
3973	0	0
3974	0	0
3975	0	0
3976	0	0
3977	1	1
3978	0	0
3979	0	0
3980	1	1
3981	0	0
3982	0	0
3983	0	0
3984	0	0
3985	1	1
3986	0	0
3987	0	0
3988	0	0
3989	0	0
3990	1	1
3991	0	0
3992	0	0
3993	0	0
3994	1	1
3995	0	0
3996	0	0
3997	1	1
3998	0	0
3999	0	0
4000	0	0
4001	0	0
4002	0	0
4003	0	0
4004	0	0
4005	0	1
4006	0	0
4007	0	1
4008	0	0
4009	0	0
4010	1	1
4011	0	0
4012	0	0
4013	0	0
4014	0	0
4015	1	1
4016	0	0
4017	0	0
4018	1	1
4019	1	0
4020	0	0
4021	1	1
4022	0	0
4023	0	0
4024	0	0
4025	0	0
4026	1	1
4027	0	0
4028	0	0
4029	0	0
4030	0	1
4031	0	0
4032	1	1
4033	0	0
4034	0	0
4035	1	1
4036	0	0
4037	0	0
4038	1	0
4039	0	0
4040	1	1
4041	0	0
4042	0	0
4043	1	1
4044	0	0
4045	0	0
4046	1	1
4047	0	0
4048	0	0
4049	0	0
4050	0	0
4051	1	1
4052	1	1
4053	0	1
4054	0	0
4055	1	1
4056	0	0
4057	0	1
4058	0	0
4059	0	0
4060	1	1
4061	0	0
4062	0	0
4063	0	0
4064	0	0
4065	0	0
4066	1	1
4067	1	1
4068	1	1
4069	1	1
4070	0	1
4071	0	0
4072	0	0
4073	0	0
4074	0	0
4075	0	0
4076	0	0
4077	1	1
4078	0	0
4079	1	1
4080	0	0
4081	0	0
4082	0	0
4083	0	0
4084	0	0
4085	0	0
4086	0	0
4087	0	0
4088	0	0
4089	1	1
4090	0	0
4091	0	0
4092	0	0
4093	0	0
4094	0	0
4095	1	1
4096	0	0
4097	0	0
4098	0	0
4099	0	0
4100	1	1
4101	0	0
4102	0	0
4103	1	1
4104	1	1
4105	0	0
4106	0	0
4107	1	1
4108	1	1
4109	0	0
4110	0	0
4111	0	0
4112	0	0
4113	0	0
4114	1	1
4115	1	1
4116	0	1
4117	0	1
4118	1	1
4119	0	0
4120	0	0
4121	1	1
4122	1	1
4123	0	0
4124	0	0
4125	0	0
4126	1	0
4127	1	1
4128	0	0
4129	0	0
4130	0	0
4131	0	0
4132	0	0
4133	0	0
4134	1	1
4135	1	1
4136	1	1
4137	0	0
4138	0	0
4139	1	1
4140	0	0
4141	0	0
4142	0	0
4143	0	0
4144	1	1
4145	0	0
4146	0	1
4147	1	1
4148	0	0
4149	0	0
4150	0	0
4151	0	0
4152	1	1
4153	0	0
4154	0	0
4155	0	0
4156	1	1
4157	1	1
4158	1	1
4159	0	0
4160	0	0
4161	0	0
4162	0	0
4163	0	0
4164	0	0
4165	0	0
4166	0	0
4167	0	0
4168	0	0
4169	0	0
4170	0	0
4171	1	1
4172	1	1
4173	0	0
4174	1	0
4175	1	1
4176	0	0
4177	1	1
4178	0	0
4179	1	1
4180	1	1
4181	0	0
4182	1	1
4183	0	0
4184	0	1
4185	0	0
4186	1	1
4187	1	1
4188	1	1
4189	0	0
4190	1	1
4191	0	0
4192	0	0
4193	1	1
4194	0	0
4195	1	1
4196	0	0
4197	1	1
4198	1	1
4199	1	0
4200	1	1
4201	1	1
4202	0	0
4203	0	0
4204	0	0
4205	1	1
4206	1	1
4207	1	1
4208	0	0
4209	0	0
4210	0	0
4211	0	0
4212	1	1
4213	0	0
4214	0	0
4215	1	1
4216	0	0
4217	1	1
4218	0	0
4219	0	0
4220	0	0
4221	0	0
4222	0	0
4223	0	1
4224	1	1
4225	1	1
4226	0	0
4227	1	1
4228	0	0
4229	0	0
4230	1	0
4231	0	0
4232	1	1
4233	0	0
4234	0	0
4235	0	0
4236	0	0
4237	0	0
4238	1	1
4239	0	1
4240	0	1
4241	0	0
4242	0	0
4243	1	1
4244	0	0
4245	0	0
4246	1	1
4247	1	1
4248	0	0
4249	0	0
4250	0	0
4251	1	1
4252	0	0
4253	0	0
4254	1	1
4255	1	1
4256	1	1
4257	0	0
4258	1	1
4259	0	0
4260	0	0
4261	1	1
4262	0	0
4263	1	1
4264	0	0
4265	1	1
4266	0	0
4267	0	0
4268	0	0
4269	1	1
4270	0	0
4271	0	1
4272	1	1
4273	0	0
4274	0	0
4275	1	1
4276	1	1
4277	1	1
4278	0	0
4279	0	0
4280	1	1
4281	1	1
4282	0	1
4283	0	0
4284	0	0
4285	0	0
4286	0	0
4287	0	0
4288	0	0
4289	0	0
4290	0	0
4291	0	0
4292	0	1
4293	0	0
4294	0	0
4295	0	0
4296	1	1
4297	1	1
4298	0	0
4299	0	0
4300	0	0
4301	0	0
4302	1	1
4303	0	0
4304	0	0
4305	1	1
4306	1	1
4307	0	0
4308	0	0
4309	0	0
4310	1	1
4311	0	0
4312	1	0
4313	0	0
4314	0	0
4315	1	1
4316	0	0
4317	0	0
4318	0	0
4319	0	0
4320	0	0
4321	0	0
4322	0	0
4323	0	0
4324	0	0
4325	0	0
4326	1	1
4327	0	0
4328	0	0
4329	0	0
4330	0	0
4331	0	0
4332	1	1
4333	0	0
4334	0	0
4335	1	1
4336	1	1
4337	0	0
4338	0	0
4339	1	1
4340	1	1
4341	1	1
4342	0	0
4343	0	0
4344	0	0
4345	0	0
4346	1	1
4347	0	0
4348	0	0
4349	0	0
4350	0	0
4351	0	0
4352	0	0
4353	1	1
4354	1	1
4355	1	1
4356	1	1
4357	0	0
4358	0	0
4359	0	1
4360	0	0
4361	1	1
4362	0	1
4363	1	1
4364	0	0
4365	1	1
4366	0	0
4367	0	0
4368	0	0
4369	0	0
4370	0	0
4371	1	1
4372	1	1
4373	0	0
4374	0	0
4375	0	0
4376	1	1
4377	0	0
4378	1	1
4379	0	0
4380	0	0
4381	0	0
4382	0	0
4383	0	0
4384	0	1
4385	0	0
4386	1	0
4387	1	1
4388	0	1
4389	1	1
4390	0	0
4391	0	0
4392	0	0
4393	0	0
4394	1	1
4395	0	0
4396	0	0
4397	0	0
4398	0	0
4399	0	0
4400	0	0
4401	0	0
4402	0	0
4403	1	0
4404	0	0
4405	0	0
4406	0	0
4407	1	1
4408	0	0
4409	1	1
4410	1	1
4411	0	1
4412	0	0
4413	0	0
4414	1	1
4415	0	0
4416	0	0
4417	1	1
4418	0	0
4419	0	0
4420	1	1
4421	0	0
4422	0	0
4423	0	0
4424	0	0
4425	0	0
4426	0	0
4427	1	1
4428	1	1
4429	0	0
4430	0	0
4431	0	0
4432	0	0
4433	0	0
4434	0	0
4435	0	0
4436	0	0
4437	0	0
4438	0	0
4439	0	0
4440	0	0
4441	0	0
4442	0	0
4443	0	0
4444	1	1
4445	0	0
4446	0	0
4447	0	0
4448	0	0
4449	0	0
4450	1	1
4451	0	0
4452	1	1
4453	0	0
4454	0	0
4455	1	1
4456	0	1
4457	0	0
4458	0	0
4459	1	1
4460	1	1
4461	0	1
4462	0	0
4463	1	1
4464	0	0
4465	1	1
4466	0	0
4467	0	0
4468	0	0
4469	1	1
4470	0	0
4471	0	0
4472	0	0
4473	1	1
4474	0	0
4475	0	0
4476	1	1
4477	0	0
4478	0	0
4479	1	1
4480	0	0
4481	1	1
4482	0	1
4483	0	0
4484	0	0
4485	1	1
4486	0	0
4487	0	0
4488	0	0
4489	0	0
4490	0	0
4491	0	0
4492	1	1
4493	1	1
4494	1	1
4495	0	0
4496	0	0
4497	0	0
4498	0	0
4499	1	1
4500	0	0
4501	1	1
4502	0	0
4503	0	0
4504	0	0
4505	0	0
4506	0	0
4507	0	0
4508	0	0
4509	1	1
4510	1	1
4511	0	0
4512	0	0
4513	0	0
4514	0	0
4515	0	0
4516	0	0
4517	0	0
4518	0	0
4519	0	0
4520	0	1
4521	1	1
4522	0	0
4523	0	0
4524	0	1
4525	1	1
4526	0	0
4527	0	0
4528	0	0
4529	1	1
4530	1	1
4531	0	0
4532	1	1
4533	0	0
4534	0	0
4535	0	0
4536	0	0
4537	0	0
4538	0	0
4539	0	0
4540	1	1
4541	0	1
4542	0	0
4543	0	0
4544	0	0
4545	1	1
4546	0	0
4547	0	0
4548	0	0
4549	1	1
4550	0	1
4551	0	1
4552	0	0
4553	0	0
4554	1	1
4555	1	1
4556	0	0
4557	1	1
4558	0	0
4559	1	1
4560	0	0
4561	0	0
4562	0	0
4563	1	1
4564	0	0
4565	0	0
4566	0	0
4567	0	0
4568	0	0
4569	1	1
4570	1	1
4571	0	0
4572	0	0
4573	0	0
4574	1	1
4575	1	1
4576	1	1
4577	0	0
4578	1	1
4579	1	1
4580	0	0
4581	0	1
4582	0	0
4583	1	1
4584	1	1
4585	0	0
4586	1	1
4587	0	0
4588	1	1
4589	0	0
4590	0	0
4591	1	1
4592	1	1
4593	1	1
4594	1	1
4595	0	0
4596	0	0
4597	0	0
4598	1	1
4599	1	1
4600	0	0
4601	0	0
4602	0	1
4603	0	0
4604	1	1
4605	0	0
4606	0	0
4607	1	1
4608	0	0
4609	0	0
4610	0	0
4611	0	0
4612	1	1
4613	0	0
4614	0	0
4615	1	1
4616	1	1
4617	0	0
4618	1	1
4619	0	0
4620	0	0
4621	0	0
4622	0	1
4623	0	1
4624	0	0
4625	0	0
4626	1	1
4627	1	1
4628	0	0
4629	0	0
4630	0	0
4631	0	0
4632	0	0
4633	0	0
4634	0	0
4635	0	0
4636	0	0
4637	1	1
4638	0	0
4639	1	1
4640	0	0
4641	0	0
4642	1	1
4643	1	1
4644	0	0
4645	1	1
4646	1	1
4647	1	1
4648	0	0
4649	0	0
4650	0	0
4651	0	0
4652	0	0
4653	1	1
4654	0	0
4655	0	0
4656	1	1
4657	1	1
4658	1	1
4659	1	1
4660	0	0
4661	0	0
4662	0	0
4663	0	0
4664	1	1
4665	0	0
4666	1	1
4667	0	0
4668	1	1
4669	0	0
4670	1	1
4671	0	0
4672	1	1
4673	1	1
4674	0	0
4675	1	1
4676	0	0
4677	0	1
4678	0	0
4679	0	0
4680	0	0
4681	0	0
4682	0	1
4683	1	1
4684	0	0
4685	1	1
4686	0	0
4687	0	0
4688	0	0
4689	0	0
4690	1	1
4691	0	0
4692	0	0
4693	1	1
4694	0	0
4695	1	1
4696	1	1
4697	0	1
4698	0	0
4699	1	0
4700	0	0
4701	0	0
4702	0	0
4703	0	0
4704	0	0
4705	0	0
4706	0	0
4707	0	0
4708	0	1
4709	0	0
4710	1	1
4711	0	0
4712	1	1
4713	0	0
4714	1	1
4715	0	0
4716	0	0
4717	0	0
4718	0	0
4719	0	0
4720	0	0
4721	0	0
4722	0	0
4723	0	0
4724	1	1
4725	1	1
4726	1	0
4727	0	0
4728	1	1
4729	0	1
4730	0	0
4731	1	1
4732	0	0
4733	1	0
4734	0	1
4735	0	0
4736	0	0
4737	0	0
4738	1	1
4739	1	1
4740	0	0
4741	0	0
4742	1	1
4743	0	0
4744	0	0
4745	0	0
4746	1	1
4747	0	0
4748	1	1
4749	0	0
4750	1	1
4751	1	1
4752	0	0
4753	1	1
4754	1	1
4755	0	0
4756	0	0
4757	0	0
4758	1	1
4759	0	0
4760	0	0
4761	0	0
4762	0	0
4763	0	0
4764	0	0
4765	0	1
4766	0	0
4767	1	1
4768	0	0
4769	1	1
4770	0	0
4771	1	1
4772	0	0
4773	1	1
4774	0	0
4775	1	1
4776	0	0
4777	0	0
4778	1	0
4779	0	0
4780	0	0
4781	0	0
4782	0	0
4783	0	0
4784	0	0
4785	0	0
4786	1	1
4787	1	1
4788	1	1
4789	0	0
4790	1	1
4791	0	0
4792	0	0
4793	0	0
4794	0	0
4795	0	0
4796	0	0
4797	1	1
4798	0	0
4799	0	0
4800	1	1
4801	1	1
4802	1	1
4803	0	0
4804	0	0
4805	0	0
4806	1	1
4807	1	1
4808	0	0
4809	1	1
4810	0	0
4811	0	0
4812	0	0
4813	0	0
4814	0	0
4815	0	0
4816	1	1
4817	0	0
4818	0	0
4819	0	0
4820	0	0
4821	1	1
4822	0	0
4823	0	0
4824	1	1
4825	0	0
4826	0	1
4827	0	0
4828	0	0
4829	0	0
4830	1	1
4831	1	1
4832	1	1
4833	0	0
4834	0	0
4835	1	1
4836	1	1
4837	0	0
4838	0	0
4839	1	1
4840	0	0
4841	0	0
4842	0	0
4843	1	1
4844	1	1
4845	0	0
4846	0	0
4847	0	0
4848	0	0
4849	0	0
4850	0	0
4851	0	0
4852	0	0
4853	0	0
4854	0	0
4855	0	0
4856	0	0
4857	0	0
4858	1	1
4859	1	1
4860	0	0
4861	1	1
4862	0	0
4863	0	0
4864	1	1
4865	0	0
4866	1	0
4867	0	0
4868	0	0
4869	1	0
4870	0	0
4871	1	1
4872	0	0
4873	0	0
4874	1	1
4875	1	1
4876	0	0
4877	0	0
4878	0	0
4879	0	0
4880	0	0
4881	0	0
4882	1	1
4883	1	1
4884	0	0
4885	0	0
4886	0	0
4887	1	1
4888	0	0
4889	0	0
4890	0	0
4891	0	0
4892	0	0
4893	0	0
4894	1	1
4895	1	1
4896	0	0
4897	1	1
4898	0	0
4899	1	1
4900	0	0
4901	0	0
4902	0	0
4903	0	0
4904	1	1
4905	1	1
4906	1	1
4907	0	0
4908	0	0
4909	0	0
4910	0	0
4911	0	0
4912	1	1
4913	0	0
4914	0	0
4915	0	0
4916	0	1
4917	0	0
4918	1	1
4919	1	1
4920	0	0
4921	1	1
4922	0	0
4923	1	1
4924	0	1
4925	1	1
4926	1	1
4927	0	0
4928	1	0
4929	0	0
4930	0	0
4931	0	0
4932	1	1
4933	0	0
4934	0	0
4935	0	0
4936	0	0
4937	1	1
4938	0	0
4939	0	0
4940	0	0
4941	0	0
4942	0	0
4943	0	0
4944	1	1
4945	0	0
4946	0	0
4947	1	1
4948	1	1
4949	0	0
4950	0	0
4951	1	1
4952	1	1
4953	1	1
4954	1	1
4955	0	0
4956	1	1
4957	0	0
4958	0	0
4959	1	1
4960	1	1
4961	0	0
4962	1	1
4963	0	0
4964	0	0
4965	0	1
4966	0	0
4967	0	0
4968	0	0
4969	0	0
4970	0	0
4971	0	0
4972	0	0
4973	0	1
4974	0	0
4975	0	0
4976	1	1
4977	0	1
4978	0	0
4979	0	0
4980	1	1
4981	1	1
4982	1	1
4983	0	0
4984	1	1
4985	0	0
4986	0	0
4987	1	1
4988	0	0
4989	0	0
4990	0	0
4991	1	1
4992	0	1
4993	0	0
4994	0	0
4995	1	1
4996	0	0
4997	1	1
4998	1	1
4999	0	0
5000	0	0
5001	1	1
5002	0	0
5003	1	1
5004	0	0
5005	0	0
5006	0	0
5007	0	0
5008	1	1
5009	0	0
5010	1	1
5011	1	1
5012	1	1
5013	0	0
5014	1	1
5015	0	0
5016	1	1
5017	0	0
5018	1	1
5019	0	0
5020	0	0
5021	0	0
5022	0	0
5023	1	1
5024	0	0
5025	0	0
5026	0	0
5027	0	0
5028	1	1
5029	1	1
5030	0	0
5031	1	1
5032	0	0
5033	1	1
5034	0	0
5035	0	0
5036	0	0
5037	0	0
5038	0	0
5039	0	0
5040	0	0
5041	0	0
5042	0	0
5043	0	0
5044	0	0
5045	0	0
5046	0	0
5047	0	0
5048	1	1
5049	0	1
5050	0	0
5051	1	1
5052	0	0
5053	1	0
5054	0	0
5055	0	0
5056	1	1
5057	0	0
5058	0	0
5059	0	0
5060	1	1
5061	0	0
5062	1	1
5063	1	1
5064	0	0
5065	1	1
5066	0	0
5067	1	1
5068	1	1
5069	0	0
5070	0	0
5071	1	1
5072	0	0
5073	1	1
5074	0	0
5075	0	1
5076	0	1
5077	1	1
5078	0	1
5079	0	0
5080	0	0